290855.639,4230392.974,46.199,6799,156483.695768,1,-12
290855.169,4230389.019,48.225,6717,156483.702354,1,-13
290855.209,4230389.524,48.931,6307,156483.702357,1,-13
290855.214,4230390.236,48.760,7126,156483.702362,1,-13
290855.257,4230391.089,49.381,6635,156483.702367,1,-12
290855.237,4230391.712,48.681,6061,156483.702372,1,-12
290855.232,4230392.028,48.456,6143,156483.702375,1,-12
290855.238,4230392.399,48.440,8601,156483.702377,1,-12
290854.758,4230391.740,48.907,7045,156483.708989,1,-12
290854.754,4230392.046,48.692,6225,156483.708991,1,-12
290854.735,4230392.326,48.151,7782,156483.708994,1,-12
290854.746,4230392.721,48.234,4095,156483.708997,1,-12
290854.690,4230392.806,46.940,8601,156483.708999,1,-12
290854.721,4230389.871,48.827,7290,156483.708976,1,-13
290854.731,4230390.594,48.755,5980,156483.708981,1,-12
290854.753,4230391.069,49.076,7208,156483.708984,1,-12
290854.287,4230388.810,48.788,6143,156483.715585,1,-13
290854.300,4230389.191,48.935,9994,156483.715588,1,-13
290854.345,4230391.098,49.167,6553,156483.715601,1,-12
290854.347,4230391.454,49.063,9092,156483.715603,1,-12
290854.329,4230391.719,48.551,6963,156483.715606,1,-12
290854.266,4230392.774,46.698,5570,156483.715616,1,-12
290853.856,4230388.714,48.404,5980,156483.722202,1,-13
290853.904,4230389.636,49.142,9011,156483.722207,1,-13
290853.904,4230390.309,48.851,4505,156483.722213,1,-13
290853.738,4230390.891,44.828,17530,156483.722223,1,-12
290853.880,4230391.911,47.644,6307,156483.722225,1,-12
290853.887,4230392.296,47.655,5980,156483.722228,1,-12
290853.386,4230388.518,48.919,8847,156483.728817,1,-13
290853.401,4230389.599,48.833,8109,156483.728824,1,-13
290853.414,4230390.319,48.824,6471,156483.728829,1,-13
290853.386,4230391.925,47.520,8109,156483.728842,1,-12
290853.405,4230392.332,47.801,7864,156483.728845,1,-12
290852.927,4230388.975,49.417,5488,156483.735436,1,-13
290852.929,4230389.333,49.319,9011,156483.735439,1,-13
290852.918,4230389.966,48.801,7946,156483.735444,1,-13
290852.919,4230391.314,48.284,7864,156483.735454,1,-12
290852.922,4230392.045,48.042,7946,156483.735459,1,-12
290852.409,4230392.460,36.165,18267,156483.735480,1,-12
290852.498,4230388.495,48.956,5078,156483.742050,1,-13
290852.489,4230389.142,48.490,6553,156483.742056,1,-13
290852.518,4230389.594,48.960,8273,156483.742058,1,-13
290852.485,4230390.486,47.829,7782,156483.742066,1,-12
290852.010,4230392.423,36.157,16875,156483.742097,1,-12
290851.958,4230388.954,45.936,7045,156483.748675,1,-13
290852.079,4230389.882,48.336,5734,156483.748678,1,-13
290852.082,4230390.221,48.258,6963,156483.748680,1,-13
290852.081,4230391.588,47.658,7700,156483.748691,1,-12
290852.061,4230392.172,46.944,6061,156483.748696,1,-12
290851.559,4230388.339,48.051,6389,156483.755284,1,-13
290851.609,4230388.909,48.969,8028,156483.755287,1,-13
290851.611,4230389.245,48.872,8028,156483.755289,1,-13
290851.606,4230389.555,48.628,6799,156483.755292,1,-13
290851.603,4230389.885,48.419,7946,156483.755295,1,-13
290851.611,4230390.285,48.421,8109,156483.755297,1,-13
290851.522,4230390.882,46.143,8519,156483.755305,1,-12
290851.579,4230391.797,47.044,5160,156483.755310,1,-12
290851.596,4230392.241,47.246,7454,156483.755313,1,-12
290851.158,4230389.643,49.148,8437,156483.761909,1,-13
290851.130,4230390.488,48.139,7208,156483.761917,1,-12
290851.063,4230391.229,46.290,8765,156483.761924,1,-12
290851.065,4230391.583,46.175,10321,156483.761927,1,-12
290851.078,4230391.989,46.303,6307,156483.761930,1,-12
290851.078,4230392.305,46.172,5570,156483.761932,1,-12
290851.001,4230392.292,44.422,6881,156483.761935,1,-12
290850.693,4230388.591,48.124,4095,156483.768521,1,-13
290850.671,4230388.838,47.524,7536,156483.768523,1,-13
290850.721,4230389.411,48.421,6553,156483.768526,1,-13
290850.722,4230389.778,48.302,7536,156483.768528,1,-13
290850.730,4230390.140,48.321,9584,156483.768531,1,-13
290850.691,4230390.639,47.213,7782,156483.768536,1,-12
290850.692,4230390.983,47.093,8355,156483.768539,1,-12
290850.673,4230391.576,46.393,6963,156483.768544,1,-12
290850.649,4230392.152,45.602,8355,156483.768549,1,-12
290850.233,4230391.976,36.138,16301,156483.768562,1,-12
290850.289,4230388.565,48.162,4915,156483.775138,1,-13
290850.249,4230388.737,47.164,7208,156483.775140,1,-13
290850.305,4230389.665,48.056,4997,156483.775145,1,-13
290850.268,4230390.174,46.984,7618,156483.775150,1,-12
290850.269,4230390.527,46.853,9256,156483.775153,1,-12
290850.253,4230391.132,46.232,8519,156483.775158,1,-12
290850.023,4230391.799,40.654,4833,156483.775171,1,-12
290849.829,4230391.938,36.128,18513,156483.775179,1,-12
290849.810,4230388.853,47.832,7372,156483.781757,1,-13
290849.806,4230389.207,47.602,6307,156483.781760,1,-13
290849.636,4230390.070,43.297,5324,156483.781772,1,-12
290849.645,4230390.828,43.176,9584,156483.781778,1,-12
290849.291,4230388.244,47.013,7208,156483.788372,1,-13
290849.302,4230388.617,47.084,7536,156483.788374,1,-13
290849.299,4230388.938,46.881,6225,156483.788377,1,-13
290849.283,4230389.549,46.246,10485,156483.788382,1,-13
290849.183,4230391.109,43.250,6881,156483.788397,1,-12
290849.201,4230391.554,43.485,8765,156483.788400,1,-12
290849.213,4230391.969,43.579,7618,156483.788403,1,-12
290848.873,4230391.114,36.126,21135,156483.788408,1,-12
290848.879,4230391.470,36.114,15974,156483.788410,1,-12
290848.886,4230391.842,36.116,12533,156483.788413,1,-12
290848.890,4230388.085,46.762,10977,156483.794988,1,-13
290848.913,4230389.897,46.499,7126,156483.795001,1,-13
290848.820,4230390.497,44.089,6881,156483.795009,1,-12
290848.469,4230390.238,36.104,14909,156483.795019,1,-12
290848.476,4230390.611,36.099,15810,156483.795022,1,-12
290848.484,4230390.995,36.104,25312,156483.795025,1,-12
290848.492,4230391.398,36.111,21380,156483.795027,1,-12
290848.499,4230391.766,36.112,14335,156483.795030,1,-12
290848.393,4230388.980,44.209,7782,156483.801616,1,-13
290848.404,4230390.054,43.979,7454,156483.801623,1,-12
290848.052,4230389.441,36.108,14499,156483.801631,1,-12
290848.059,4230389.839,36.104,16629,156483.801634,1,-12
290848.066,4230390.194,36.106,15318,156483.801636,1,-12
290848.074,4230390.609,36.109,24084,156483.801639,1,-12
290848.081,4230390.960,36.108,23838,156483.801642,1,-12
290848.088,4230391.330,36.100,22036,156483.801644,1,-12
290848.095,4230391.689,36.103,17284,156483.801647,1,-12
290847.619,4230391.295,36.115,18267,156483.808261,1,-12
290847.625,4230391.689,36.094,17940,156483.808264,1,-12
290847.566,4230388.640,36.078,11222,156483.808243,1,-12
290847.574,4230389.035,36.094,12779,156483.808246,1,-12
290847.582,4230389.410,36.100,16465,156483.808248,1,-12
290847.588,4230389.768,36.091,15154,156483.808251,1,-12
290847.596,4230390.145,36.103,15564,156483.808253,1,-12
290847.603,4230390.530,36.098,19250,156483.808256,1,-12
290847.612,4230390.939,36.114,23183,156483.808259,1,-12
290847.076,4230387.424,36.004,22281,156483.814852,1,-13
290847.085,4230387.809,36.035,16465,156483.814855,1,-12
290847.093,4230388.164,36.059,12779,156483.814857,1,-12
290847.100,4230388.544,36.054,14827,156483.814860,1,-12
290847.109,4230388.941,36.079,13762,156483.814862,1,-12
290847.117,4230389.338,36.082,14827,156483.814865,1,-12
290847.124,4230389.696,36.095,14909,156483.814868,1,-12
290847.132,4230390.107,36.104,13762,156483.814870,1,-12
290847.139,4230390.460,36.097,16629,156483.814873,1,-12
290847.147,4230390.837,36.111,22445,156483.814875,1,-12
290847.154,4230391.197,36.108,15810,156483.814878,1,-12
290847.161,4230391.600,36.090,20070,156483.814880,1,-12
290846.680,4230387.354,35.975,24084,156483.821469,1,-13
290846.690,4230387.761,36.036,17284,156483.821472,1,-12
290846.698,4230388.138,36.046,15400,156483.821474,1,-12
290846.707,4230388.528,36.064,12205,156483.821477,1,-12
290846.715,4230388.904,36.083,15564,156483.821479,1,-12
290846.722,4230389.269,36.095,16301,156483.821482,1,-12
290846.729,4230389.642,36.090,15810,156483.821484,1,-12
290846.737,4230390.027,36.094,14909,156483.821487,1,-12
290846.744,4230390.426,36.087,20643,156483.821490,1,-12
290846.752,4230390.796,36.100,22036,156483.821492,1,-12
290846.759,4230391.191,36.086,21626,156483.821495,1,-12
290846.768,4230391.549,36.114,17039,156483.821498,1,-12
290846.308,4230388.068,36.048,11550,156483.828091,1,-12
290846.316,4230388.466,36.052,14090,156483.828094,1,-12
290846.324,4230388.867,36.065,14827,156483.828096,1,-12
290846.332,4230389.228,36.079,14827,156483.828099,1,-12
290846.339,4230389.638,36.072,15974,156483.828102,1,-12
290846.346,4230389.989,36.071,17039,156483.828104,1,-12
290846.354,4230390.361,36.072,16629,156483.828107,1,-12
290846.362,4230390.727,36.095,16629,156483.828109,1,-12
290846.370,4230391.132,36.100,15810,156483.828112,1,-12
290846.291,4230387.332,35.996,20070,156483.828086,1,-13
290846.299,4230387.684,36.022,17284,156483.828088,1,-13
290845.825,4230387.307,35.981,23183,156483.834703,1,-13
290845.835,4230387.697,36.026,19578,156483.834705,1,-13
290845.842,4230388.083,36.026,13352,156483.834708,1,-12
290845.851,4230388.461,36.045,14909,156483.834711,1,-12
290845.858,4230388.825,36.057,13762,156483.834713,1,-12
290845.866,4230389.203,36.071,15154,156483.834716,1,-12
290845.873,4230389.581,36.062,14335,156483.834718,1,-12
290845.882,4230389.995,36.069,15728,156483.834721,1,-12
290845.889,4230390.350,36.067,28835,156483.834724,1,-12
290845.898,4230390.753,36.090,17039,156483.834726,1,-12
290845.904,4230391.115,36.070,20889,156483.834729,1,-12
290845.368,4230387.183,35.970,22281,156483.841320,1,-13
290845.377,4230387.567,35.997,17530,156483.841322,1,-13
290845.385,4230387.963,36.015,15318,156483.841325,1,-12
290845.394,4230388.364,36.025,16629,156483.841328,1,-12
290845.402,4230388.722,36.041,19250,156483.841330,1,-12
290845.410,4230389.135,36.057,20643,156483.841333,1,-12
290845.418,4230389.494,36.060,12205,156483.841335,1,-12
290845.425,4230389.862,36.051,16629,156483.841338,1,-12
290845.432,4230390.224,36.049,16875,156483.841340,1,-12
290845.440,4230390.630,36.055,24985,156483.841343,1,-12
290845.448,4230391.015,36.055,17530,156483.841346,1,-12
290844.993,4230387.154,35.947,23346,156483.847937,1,-13
290845.003,4230387.551,35.993,18759,156483.847939,1,-13
290845.011,4230387.927,36.014,18267,156483.847942,1,-12
290845.019,4230388.285,36.024,17284,156483.847944,1,-12
290845.027,4230388.672,36.034,15810,156483.847947,1,-12
290845.035,4230389.055,36.044,18267,156483.847950,1,-12
290845.043,4230389.457,36.049,15154,156483.847952,1,-12
290845.050,4230389.824,36.044,15318,156483.847955,1,-12
290845.058,4230390.222,36.040,23346,156483.847958,1,-12
290845.066,4230390.580,36.064,19578,156483.847960,1,-12
290845.073,4230390.961,36.054,19005,156483.847963,1,-12
290844.607,4230387.078,35.937,24411,156483.854553,1,-13
290844.618,4230387.487,35.985,17940,156483.854556,1,-13
290844.626,4230387.887,35.986,13926,156483.854559,1,-12
290844.634,4230388.247,36.016,17039,156483.854561,1,-12
290844.643,4230388.654,36.032,17694,156483.854564,1,-12
290844.650,4230389.019,36.038,15400,156483.854567,1,-12
290844.658,4230389.393,36.028,14909,156483.854569,1,-12
290844.665,4230389.746,36.031,15073,156483.854572,1,-12
290844.673,4230390.156,36.029,23183,156483.854574,1,-12
290844.681,4230390.548,36.033,21380,156483.854577,1,-12
290844.687,4230390.910,36.016,17284,156483.854579,1,-12
290844.163,4230387.071,35.938,19250,156483.861171,1,-13
290844.172,4230387.448,35.965,16629,156483.861173,1,-13
290844.179,4230387.815,35.973,10813,156483.861176,1,-12
290844.188,4230388.193,35.996,14253,156483.861178,1,-12
290844.196,4230388.580,36.017,15154,156483.861181,1,-12
290844.205,4230388.990,36.011,20070,156483.861184,1,-12
290844.211,4230389.342,36.007,12779,156483.861186,1,-12
290844.220,4230389.750,36.025,14827,156483.861189,1,-12
290844.227,4230390.113,36.016,21626,156483.861191,1,-12
290844.235,4230390.483,36.024,19250,156483.861194,1,-12
290844.242,4230390.836,36.014,15974,156483.861196,1,-12
290843.709,4230386.915,35.914,22281,156483.867787,1,-13
290843.718,4230387.331,35.945,15154,156483.867790,1,-13
290843.726,4230387.687,35.961,13762,156483.867793,1,-13
290843.735,4230388.099,35.977,15810,156483.867795,1,-12
290843.744,4230388.465,35.998,14663,156483.867798,1,-12
290843.751,4230388.839,36.000,14499,156483.867800,1,-12
290843.759,4230389.194,36.008,10321,156483.867803,1,-12
290843.767,4230389.605,36.005,18513,156483.867806,1,-12
290843.774,4230389.988,36.001,23346,156483.867808,1,-12
290843.783,4230390.364,36.020,18513,156483.867811,1,-12
290843.789,4230390.750,35.987,17039,156483.867813,1,-12
290843.345,4230386.845,35.895,23838,156483.874404,1,-13
290843.353,4230387.207,35.922,15728,156483.874407,1,-13
290843.362,4230387.597,35.947,14253,156483.874409,1,-13
290843.371,4230387.986,35.969,15728,156483.874412,1,-12
290843.379,4230388.386,35.978,12205,156483.874415,1,-12
290843.387,4230388.754,35.980,14253,156483.874417,1,-12
290843.395,4230389.156,35.985,15564,156483.874420,1,-12
290843.403,4230389.510,35.994,15318,156483.874423,1,-12
290843.410,4230389.892,35.982,24084,156483.874425,1,-12
290843.418,4230390.250,36.004,18267,156483.874428,1,-12
290843.425,4230390.644,35.981,16137,156483.874430,1,-12
290843.005,4230387.891,35.953,13107,156483.881029,1,-12
290843.014,4230388.270,35.977,13762,156483.881032,1,-12
290843.021,4230388.625,35.980,14909,156483.881034,1,-12
290843.029,4230389.036,35.974,15154,156483.881037,1,-12
290843.037,4230389.428,35.975,15400,156483.881040,1,-12
290843.044,4230389.792,35.973,22281,156483.881042,1,-12
290843.053,4230390.188,35.984,18513,156483.881045,1,-12
290843.060,4230390.564,35.969,16465,156483.881047,1,-12
290842.979,4230386.756,35.888,24411,156483.881021,1,-13
290842.988,4230387.118,35.920,15318,156483.881024,1,-13
290842.997,4230387.523,35.934,11222,156483.881027,1,-13
290842.540,4230386.672,35.868,25640,156483.887638,1,-13
290842.549,4230387.054,35.902,15154,156483.887641,1,-13
290842.558,4230387.440,35.923,15400,156483.887643,1,-13
290842.567,4230387.857,35.943,11550,156483.887646,1,-12
290842.575,4230388.213,35.955,11222,156483.887649,1,-12
290842.584,4230388.619,35.967,14335,156483.887651,1,-12
290842.591,4230388.984,35.957,14663,156483.887654,1,-12
290842.598,4230389.350,35.957,13516,156483.887656,1,-12
290842.606,4230389.707,35.956,21135,156483.887659,1,-12
290842.615,4230390.119,35.976,18759,156483.887662,1,-12
290842.622,4230390.500,35.960,17694,156483.887664,1,-12
290842.160,4230389.239,35.938,13516,156483.894273,1,-12
290842.168,4230389.632,35.943,26951,156483.894276,1,-12
290842.176,4230390.012,35.949,17039,156483.894279,1,-12
290842.182,4230390.360,35.932,17039,156483.894281,1,-12
290842.190,4230390.738,35.930,15974,156483.894284,1,-12
290842.101,4230386.556,35.853,24084,156483.894255,1,-13
290842.111,4230386.969,35.894,16875,156483.894258,1,-13
290842.119,4230387.335,35.903,10157,156483.894260,1,-13
290842.127,4230387.711,35.909,10977,156483.894263,1,-13
290842.136,4230388.072,35.939,15728,156483.894265,1,-12
290842.144,4230388.481,35.945,14909,156483.894268,1,-12
290842.152,4230388.870,35.937,16629,156483.894271,1,-12
290841.743,4230386.408,35.827,26951,156483.900872,1,-13
290841.753,4230386.802,35.872,15154,156483.900875,1,-13
290841.762,4230387.209,35.897,14335,156483.900877,1,-13
290841.770,4230387.578,35.906,13107,156483.900880,1,-13
290841.778,4230387.978,35.907,12533,156483.900883,1,-12
290841.787,4230388.337,35.935,14335,156483.900885,1,-12
290841.794,4230388.719,35.923,10813,156483.900888,1,-12
290841.801,4230389.070,35.912,9994,156483.900890,1,-12
290841.810,4230389.474,35.930,15564,156483.900893,1,-12
290841.819,4230389.873,35.944,19250,156483.900896,1,-12
290841.826,4230390.242,35.931,17039,156483.900898,1,-12
290841.834,4230390.626,35.922,17039,156483.900901,1,-12
290841.376,4230386.359,35.835,23838,156483.907489,1,-13
290841.385,4230386.747,35.852,16465,156483.907492,1,-13
290841.393,4230387.109,35.866,8601,156483.907494,1,-13
290841.401,4230387.478,35.871,13516,156483.907497,1,-13
290841.411,4230387.879,35.903,9502,156483.907499,1,-12
290841.420,4230388.292,35.914,14253,156483.907502,1,-12
290841.426,4230388.639,35.905,14253,156483.907505,1,-12
290841.434,4230389.043,35.895,15154,156483.907507,1,-12
290841.442,4230389.410,35.898,20070,156483.907510,1,-12
290841.451,4230389.782,35.932,18267,156483.907512,1,-12
290841.458,4230390.137,35.911,17940,156483.907515,1,-12
290841.466,4230390.549,35.902,16629,156483.907517,1,-12
290840.941,4230386.233,35.803,26050,156483.914106,1,-13
290840.952,4230386.655,35.845,16629,156483.914109,1,-13
290840.960,4230387.014,35.864,16875,156483.914111,1,-13
290840.969,4230387.420,35.874,13516,156483.914114,1,-13
290840.977,4230387.789,35.881,9502,156483.914116,1,-13
290840.985,4230388.160,35.901,11878,156483.914119,1,-12
290840.992,4230388.513,35.883,13926,156483.914121,1,-12
290841.000,4230388.922,35.884,14499,156483.914124,1,-12
290841.008,4230389.306,35.885,17694,156483.914127,1,-12
290841.017,4230389.689,35.897,17284,156483.914129,1,-12
290841.026,4230390.077,35.911,15810,156483.914132,1,-12
290841.033,4230390.446,35.896,17039,156483.914134,1,-12
290840.511,4230386.153,35.790,24985,156483.920723,1,-13
290840.520,4230386.518,35.826,15810,156483.920725,1,-13
290840.528,4230386.892,35.834,13516,156483.920728,1,-13
290840.537,4230387.288,35.850,10485,156483.920731,1,-13
290840.546,4230387.700,35.860,9338,156483.920733,1,-13
290840.555,4230388.056,35.887,13926,156483.920736,1,-12
290840.563,4230388.464,35.883,15564,156483.920739,1,-12
290840.570,4230388.824,35.870,12205,156483.920741,1,-12
290840.578,4230389.192,35.864,20070,156483.920744,1,-12
290840.585,4230389.550,35.875,18267,156483.920746,1,-12
290840.594,4230389.965,35.883,16875,156483.920749,1,-12
290840.603,4230390.349,35.887,14253,156483.920751,1,-12
290840.240,4230389.852,35.881,15974,156483.927366,1,-12
290840.247,4230390.203,35.859,16629,156483.927368,1,-12
290840.207,4230388.328,35.861,13107,156483.927355,1,-12
290840.215,4230388.710,35.855,16301,156483.927358,1,-12
290840.223,4230389.089,35.853,13352,156483.927361,1,-12
290840.232,4230389.480,35.873,18759,156483.927363,1,-12
290840.156,4230386.044,35.784,23346,156483.927340,1,-13
290840.165,4230386.415,35.803,16629,156483.927342,1,-13
290840.174,4230386.823,35.827,14253,156483.927345,1,-13
290840.183,4230387.179,35.846,12205,156483.927348,1,-13
290840.191,4230387.565,35.852,10649,156483.927350,1,-13
290840.199,4230387.922,35.859,11550,156483.927353,1,-12
290839.802,4230386.291,35.797,13762,156483.933959,1,-13
290839.811,4230386.692,35.821,10977,156483.933962,1,-13
290839.820,4230387.106,35.830,14499,156483.933965,1,-13
290839.829,4230387.458,35.851,14335,156483.933967,1,-13
290839.837,4230387.865,35.853,11878,156483.933970,1,-12
290839.844,4230388.228,35.834,10813,156483.933972,1,-12
290839.852,4230388.596,35.836,14090,156483.933975,1,-12
290839.860,4230388.958,35.854,14663,156483.933977,1,-12
290839.869,4230389.368,35.844,14909,156483.933980,1,-12
290839.877,4230389.752,35.853,16301,156483.933983,1,-12
290839.885,4230390.125,35.851,17039,156483.933985,1,-12
290839.359,4230385.871,35.751,26951,156483.940574,1,-13
290839.370,4230386.287,35.780,15318,156483.940576,1,-13
290839.378,4230386.648,35.802,15073,156483.940579,1,-13
290839.387,4230387.027,35.814,10977,156483.940581,1,-13
290839.394,4230387.388,35.817,11878,156483.940584,1,-13
290839.404,4230387.798,35.843,14335,156483.940587,1,-13
290839.412,4230388.178,35.833,15564,156483.940589,1,-12
290839.419,4230388.557,35.816,15810,156483.940592,1,-12
290839.428,4230388.945,35.829,20070,156483.940595,1,-12
290839.436,4230389.319,35.841,15810,156483.940597,1,-12
290839.444,4230389.684,35.847,16137,156483.940600,1,-12
290839.452,4230390.055,35.858,15564,156483.940602,1,-12
290838.945,4230386.519,35.784,13352,156483.947196,1,-13
290838.953,4230386.874,35.784,14090,156483.947198,1,-13
290838.963,4230387.282,35.810,12205,156483.947201,1,-13
290838.971,4230387.645,35.819,14663,156483.947204,1,-13
290838.979,4230388.022,35.813,14499,156483.947206,1,-12
290838.986,4230388.377,35.817,17039,156483.947209,1,-12
290838.995,4230388.783,35.814,19578,156483.947211,1,-12
290839.003,4230389.173,35.809,17694,156483.947214,1,-12
290839.012,4230389.551,35.834,17039,156483.947217,1,-12
290839.020,4230389.934,35.837,19824,156483.947219,1,-12
290838.936,4230386.101,35.761,15564,156483.947193,1,-13
290838.596,4230386.023,35.762,15974,156483.953810,1,-13
290838.604,4230386.399,35.772,13107,156483.953813,1,-13
290838.612,4230386.754,35.776,13516,156483.953815,1,-13
290838.622,4230387.176,35.795,10485,156483.953818,1,-13
290838.631,4230387.564,35.821,12205,156483.953821,1,-13
290838.638,4230387.932,35.810,14909,156483.953823,1,-12
290838.646,4230388.323,35.783,15810,156483.953826,1,-12
290838.654,4230388.695,35.789,14499,156483.953828,1,-12
290838.661,4230389.050,35.795,16629,156483.953831,1,-12
290838.672,4230389.441,35.838,15728,156483.953833,1,-12
290838.680,4230389.825,35.832,17039,156483.953836,1,-12
290838.240,4230385.934,35.725,14663,156483.960427,1,-13
290838.250,4230386.299,35.763,11222,156483.960430,1,-13
290838.258,4230386.702,35.760,9092,156483.960432,1,-13
290838.267,4230387.065,35.792,10485,156483.960435,1,-13
290838.275,4230387.445,35.787,15400,156483.960437,1,-13
290838.283,4230387.802,35.784,18513,156483.960440,1,-13
290838.291,4230388.203,35.779,14253,156483.960443,1,-12
290838.300,4230388.596,35.784,18759,156483.960445,1,-12
290838.308,4230388.977,35.782,19250,156483.960448,1,-12
290838.317,4230389.359,35.805,19578,156483.960450,1,-12
290838.326,4230389.742,35.816,18267,156483.960453,1,-12
290837.811,4230385.819,35.716,21135,156483.967044,1,-13
290837.820,4230386.193,35.743,13926,156483.967046,1,-13
290837.829,4230386.592,35.744,14663,156483.967049,1,-13
290837.838,4230386.980,35.756,14663,156483.967052,1,-13
290837.847,4230387.366,35.774,12533,156483.967054,1,-13
290837.855,4230387.748,35.776,10649,156483.967057,1,-13
290837.862,4230388.120,35.758,13107,156483.967060,1,-12
290837.871,4230388.485,35.772,21135,156483.967062,1,-12
290837.878,4230388.858,35.769,20643,156483.967065,1,-12
290837.888,4230389.249,35.790,18759,156483.967067,1,-12
290837.897,4230389.662,35.810,19578,156483.967070,1,-12
290837.383,4230385.633,35.693,25640,156483.973661,1,-13
290837.393,4230386.044,35.732,17530,156483.973664,1,-13
290837.400,4230386.397,35.722,13352,156483.973666,1,-13
290837.409,4230386.782,35.733,14827,156483.973669,1,-13
290837.417,4230387.142,35.752,12205,156483.973671,1,-13
290837.427,4230387.546,35.758,14090,156483.973674,1,-13
290837.434,4230387.935,35.747,14090,156483.973677,1,-12
290837.443,4230388.317,35.754,16137,156483.973679,1,-12
290837.451,4230388.693,35.744,24985,156483.973682,1,-12
290837.460,4230389.081,35.772,15728,156483.973684,1,-12
290837.469,4230389.446,35.791,19250,156483.973687,1,-12
290837.478,4230389.821,35.816,19250,156483.973689,1,-12
290837.034,4230385.467,35.696,20889,156483.980278,1,-13
290837.043,4230385.885,35.702,14909,156483.980280,1,-13
290837.052,4230386.268,35.713,11222,156483.980283,1,-13
290837.060,4230386.642,35.724,13926,156483.980286,1,-13
290837.069,4230387.040,35.729,10813,156483.980288,1,-13
290837.079,4230387.420,35.760,13352,156483.980291,1,-13
290837.085,4230387.769,35.740,15564,156483.980293,1,-13
290837.093,4230388.151,35.732,17694,156483.980296,1,-12
290837.101,4230388.535,35.725,23838,156483.980299,1,-12
290837.112,4230388.947,35.759,15318,156483.980301,1,-12
290837.120,4230389.310,35.774,20070,156483.980304,1,-12
290837.130,4230389.716,35.798,19824,156483.980306,1,-12
290836.692,4230385.720,35.697,15073,156483.986897,1,-13
290836.701,4230386.102,35.711,14499,156483.986900,1,-13
290836.708,4230386.460,35.703,11222,156483.986902,1,-13
290836.718,4230386.866,35.724,13762,156483.986905,1,-13
290836.728,4230387.264,35.746,14499,156483.986908,1,-13
290836.735,4230387.640,35.730,17039,156483.986910,1,-13
290836.744,4230388.021,35.739,14499,156483.986913,1,-12
290836.752,4230388.399,35.728,21135,156483.986916,1,-12
290836.759,4230388.763,35.730,17284,156483.986918,1,-12
290836.769,4230389.137,35.766,15073,156483.986921,1,-12
290836.778,4230389.525,35.776,16875,156483.986923,1,-12
290836.269,4230385.609,35.677,21135,156483.993514,1,-13
290836.278,4230385.995,35.690,15728,156483.993517,1,-13
290836.287,4230386.379,35.707,12779,156483.993520,1,-13
290836.296,4230386.758,35.713,15728,156483.993522,1,-13
290836.304,4230387.126,35.722,14335,156483.993525,1,-13
290836.312,4230387.494,35.720,16875,156483.993527,1,-13
290836.320,4230387.879,35.708,15400,156483.993530,1,-12
290836.329,4230388.286,35.710,19578,156483.993532,1,-12
290836.337,4230388.643,35.712,16465,156483.993535,1,-12
290836.346,4230389.054,35.723,18267,156483.993538,1,-12
290836.355,4230389.417,35.757,18759,156483.993540,1,-12
290835.846,4230385.402,35.673,22281,156484.000131,1,-13
290835.855,4230385.761,35.686,17039,156484.000134,1,-13
290835.863,4230386.159,35.667,8519,156484.000136,1,-13
290835.872,4230386.557,35.685,13516,156484.000139,1,-13
290835.881,4230386.938,35.706,14335,156484.000142,1,-13
290835.890,4230387.321,35.710,16629,156484.000144,1,-13
290835.898,4230387.701,35.696,14090,156484.000147,1,-13
290835.906,4230388.065,35.712,20397,156484.000149,1,-12
290835.914,4230388.433,35.713,20397,156484.000152,1,-12
290835.923,4230388.824,35.709,17940,156484.000155,1,-12
290835.932,4230389.235,35.721,17530,156484.000157,1,-12
290835.941,4230389.592,35.746,17039,156484.000160,1,-12
290835.507,4230385.199,35.645,23346,156484.006748,1,-13
290835.517,4230385.605,35.663,15073,156484.006751,1,-13
290835.525,4230385.974,35.661,10157,156484.006753,1,-13
290835.533,4230386.331,35.676,9912,156484.006756,1,-13
290835.542,4230386.720,35.691,15154,156484.006758,1,-13
290835.551,4230387.106,35.704,15154,156484.006761,1,-13
290835.559,4230387.503,35.688,12533,156484.006764,1,-13
290835.568,4230387.871,35.699,13516,156484.006766,1,-13
290835.577,4230388.274,35.706,25312,156484.006769,1,-12
290835.584,4230388.629,35.706,17530,156484.006771,1,-12
290835.593,4230389.009,35.699,19578,156484.006774,1,-12
290835.601,4230389.369,35.718,16875,156484.006776,1,-12
290835.164,4230385.429,35.652,21380,156484.013368,1,-13
290835.173,4230385.820,35.666,17039,156484.013370,1,-13
290835.180,4230386.189,35.647,13926,156484.013373,1,-13
290835.190,4230386.583,35.680,13516,156484.013376,1,-13
290835.199,4230386.967,35.693,13926,156484.013378,1,-13
290835.207,4230387.325,35.689,11222,156484.013381,1,-13
290835.214,4230387.690,35.667,16137,156484.013383,1,-13
290835.223,4230388.087,35.685,20889,156484.013386,1,-12
290835.232,4230388.498,35.685,19824,156484.013388,1,-12
290835.241,4230388.848,35.705,18759,156484.013391,1,-12
290835.250,4230389.259,35.721,17039,156484.013394,1,-12
290834.744,4230385.265,35.638,18267,156484.019985,1,-13
290834.753,4230385.629,35.651,14253,156484.019987,1,-13
290834.760,4230386.001,35.638,9994,156484.019990,1,-13
290834.770,4230386.392,35.673,13762,156484.019992,1,-13
290834.779,4230386.803,35.673,15073,156484.019995,1,-13
290834.788,4230387.158,35.689,10977,156484.019998,1,-13
290834.796,4230387.560,35.668,17284,156484.020000,1,-13
290834.804,4230387.927,35.675,17940,156484.020003,1,-12
290834.812,4230388.297,35.683,18759,156484.020005,1,-12
290834.820,4230388.655,35.686,16137,156484.020008,1,-12
290834.831,4230389.074,35.712,16465,156484.020010,1,-12
290834.316,4230385.072,35.623,22691,156484.026602,1,-13
290834.325,4230385.452,35.641,18759,156484.026604,1,-13
290834.333,4230385.838,35.626,9994,156484.026607,1,-13
290834.342,4230386.220,35.641,15318,156484.026609,1,-13
290834.351,4230386.582,35.670,13107,156484.026612,1,-13
290834.359,4230386.957,35.667,16137,156484.026614,1,-13
290834.368,4230387.347,35.663,12205,156484.026617,1,-13
290834.376,4230387.751,35.662,17284,156484.026620,1,-13
290834.385,4230388.110,35.689,19250,156484.026622,1,-12
290834.394,4230388.522,35.688,17694,156484.026625,1,-12
290834.402,4230388.878,35.687,18267,156484.026627,1,-12
290834.411,4230389.253,35.706,15974,156484.026630,1,-12
290833.980,4230385.255,35.619,16629,156484.033221,1,-13
290833.989,4230385.640,35.625,18267,156484.033224,1,-13
290833.998,4230386.051,35.629,17694,156484.033226,1,-13
290834.007,4230386.415,35.650,10157,156484.033229,1,-13
290834.016,4230386.813,35.641,14335,156484.033232,1,-13
290834.024,4230387.172,35.653,13762,156484.033234,1,-13
290834.033,4230387.555,35.648,16629,156484.033237,1,-13
290834.041,4230387.911,35.667,21135,156484.033239,1,-12
290834.051,4230388.319,35.689,16137,156484.033242,1,-12
290834.059,4230388.714,35.681,17039,156484.033244,1,-12
290834.068,4230389.087,35.695,17530,156484.033247,1,-12
290833.715,4230388.517,35.674,17039,156484.039861,1,-12
290833.724,4230388.873,35.699,14499,156484.039864,1,-12
290833.636,4230385.097,35.600,15154,156484.039838,1,-13
290833.645,4230385.469,35.625,14909,156484.039841,1,-13
290833.653,4230385.833,35.625,14827,156484.039843,1,-13
290833.663,4230386.218,35.640,10813,156484.039846,1,-13
290833.672,4230386.600,35.658,13762,156484.039848,1,-13
290833.680,4230387.003,35.645,14335,156484.039851,1,-13
290833.688,4230387.371,35.641,15564,156484.039854,1,-13
290833.698,4230387.774,35.660,21626,156484.039856,1,-13
290833.706,4230388.130,35.663,16465,156484.039859,1,-12
290833.269,4230387.201,35.629,13107,156484.046470,1,-13
290833.279,4230387.614,35.645,15810,156484.046473,1,-13
290833.288,4230388.003,35.651,17284,156484.046476,1,-12
290833.296,4230388.376,35.659,17284,156484.046478,1,-12
290833.306,4230388.776,35.690,14499,156484.046481,1,-12
290833.217,4230384.931,35.595,21135,156484.046455,1,-13
290833.227,4230385.341,35.610,15564,156484.046458,1,-13
290833.236,4230385.706,35.620,13107,156484.046460,1,-13
290833.245,4230386.110,35.628,9256,156484.046463,1,-13
290833.253,4230386.467,35.627,9912,156484.046465,1,-13
290833.262,4230386.850,35.642,12205,156484.046468,1,-13
290832.825,4230385.885,35.618,9748,156484.053080,1,-13
290832.835,4230386.301,35.632,10321,156484.053082,1,-13
290832.798,4230384.748,35.564,23838,156484.053072,1,-13
290832.808,4230385.123,35.601,13926,156484.053074,1,-13
290832.816,4230385.498,35.596,10485,156484.053077,1,-13
290832.843,4230386.664,35.633,12533,156484.053085,1,-13
290832.852,4230387.056,35.622,15318,156484.053087,1,-13
290832.860,4230387.423,35.630,14090,156484.053090,1,-13
290832.869,4230387.803,35.630,21380,156484.053092,1,-13
290832.878,4230388.159,35.656,15564,156484.053095,1,-12
290832.887,4230388.567,35.673,15154,156484.053098,1,-12
290832.897,4230388.967,35.690,20070,156484.053100,1,-12
290832.121,4230384.816,35.562,16465,156484.066308,1,-13
290832.470,4230384.990,35.591,15564,156484.059691,1,-13
290832.479,4230385.389,35.599,12779,156484.059694,1,-13
290832.488,4230385.761,35.603,10813,156484.059697,1,-13
290832.497,4230386.123,35.624,9912,156484.059699,1,-13
290832.505,4230386.502,35.625,14827,156484.059702,1,-13
290832.514,4230386.888,35.623,14335,156484.059704,1,-13
290832.523,4230387.296,35.625,16137,156484.059707,1,-13
290832.531,4230387.656,35.635,23346,156484.059709,1,-13
290832.542,4230388.069,35.677,14663,156484.059712,1,-12
290832.550,4230388.429,35.681,17530,156484.059715,1,-12
290832.559,4230388.801,35.688,18267,156484.059717,1,-12
290832.131,4230385.211,35.595,14499,156484.066311,1,-13
290832.141,4230385.625,35.606,10485,156484.066314,1,-13
290832.149,4230385.983,35.608,12779,156484.066316,1,-13
290832.159,4230386.389,35.631,15318,156484.066319,1,-13
290832.166,4230386.749,35.612,14335,156484.066321,1,-13
290832.174,4230387.127,35.598,16875,156484.066324,1,-13
290832.183,4230387.480,35.622,22445,156484.066326,1,-13
290832.194,4230387.899,35.654,19005,156484.066329,1,-13
290832.204,4230388.296,35.678,17284,156484.066332,1,-12
290832.212,4230388.664,35.692,19250,156484.066334,1,-12
290831.699,4230384.745,35.560,17039,156484.072925,1,-13
290831.708,4230385.120,35.574,14253,156484.072928,1,-13
290831.717,4230385.488,35.588,13352,156484.072930,1,-13
290831.726,4230385.860,35.595,10977,156484.072933,1,-13
290831.735,4230386.250,35.601,14090,156484.072936,1,-13
290831.744,4230386.663,35.601,14253,156484.072938,1,-13
290831.752,4230387.016,35.606,8765,156484.072941,1,-13
290831.762,4230387.422,35.614,24411,156484.072943,1,-13
290831.770,4230387.788,35.636,18513,156484.072946,1,-13
290831.780,4230388.166,35.655,18513,156484.072948,1,-12
290831.789,4230388.529,35.680,20397,156484.072951,1,-12
290831.279,4230384.547,35.534,15318,156484.079542,1,-13
290831.289,4230384.962,35.559,12205,156484.079545,1,-13
290831.298,4230385.323,35.572,14090,156484.079547,1,-13
290831.308,4230385.726,35.584,13926,156484.079550,1,-13
290831.316,4230386.095,35.593,14335,156484.079553,1,-13
290831.325,4230386.470,35.595,12779,156484.079555,1,-13
290831.333,4230386.822,35.592,14090,156484.079558,1,-13
290831.342,4230387.236,35.599,23592,156484.079560,1,-13
290831.353,4230387.632,35.630,16629,156484.079563,1,-13
290831.362,4230388.003,35.648,16137,156484.079565,1,-12
290831.371,4230388.398,35.651,22281,156484.079568,1,-12
290830.937,4230384.405,35.506,18759,156484.086159,1,-13
290830.947,4230384.770,35.543,14090,156484.086162,1,-13
290830.956,4230385.160,35.556,14253,156484.086164,1,-13
290830.965,4230385.548,35.567,9994,156484.086167,1,-13
290830.975,4230385.949,35.571,11550,156484.086169,1,-13
290830.984,4230386.321,35.588,16875,156484.086172,1,-13
290830.992,4230386.715,35.569,15810,156484.086175,1,-13
290831.001,4230387.075,35.579,22445,156484.086177,1,-13
290831.010,4230387.459,35.595,18759,156484.086180,1,-13
290831.019,4230387.819,35.614,19005,156484.086182,1,-13
290831.029,4230388.227,35.641,19005,156484.086185,1,-12
290831.039,4230388.625,35.660,17694,156484.086188,1,-12
290830.585,4230384.287,35.507,26459,156484.092776,1,-13
290830.593,4230384.645,35.521,16465,156484.092779,1,-13
290830.603,4230385.053,35.535,14090,156484.092781,1,-13
290830.612,4230385.421,35.545,12779,156484.092784,1,-13
290830.621,4230385.798,35.568,10977,156484.092786,1,-13
290830.629,4230386.153,35.561,12205,156484.092789,1,-13
290830.638,4230386.565,35.558,14827,156484.092791,1,-13
290830.647,4230386.958,35.568,23183,156484.092794,1,-13
290830.657,4230387.332,35.608,16875,156484.092797,1,-13
290830.667,4230387.729,35.612,15810,156484.092799,1,-13
290830.676,4230388.111,35.621,18513,156484.092802,1,-12
290830.684,4230388.461,35.636,15400,156484.092804,1,-12
290830.169,4230384.528,35.496,15728,156484.099395,1,-13
290830.179,4230384.917,35.523,11550,156484.099398,1,-13
290830.189,4230385.329,35.524,11550,156484.099401,1,-13
290830.198,4230385.688,35.546,14090,156484.099403,1,-13
290830.208,4230386.096,35.556,15318,156484.099406,1,-13
290830.215,4230386.457,35.543,15810,156484.099408,1,-13
290830.224,4230386.830,35.550,21626,156484.099411,1,-13
290830.234,4230387.197,35.586,18759,156484.099413,1,-13
290830.243,4230387.606,35.592,18267,156484.099416,1,-13
290830.253,4230387.994,35.605,15400,156484.099419,1,-12
290830.262,4230388.374,35.629,15073,156484.099421,1,-12
290829.744,4230384.366,35.486,14909,156484.106013,1,-13
290829.753,4230384.732,35.505,13107,156484.106015,1,-13
290829.762,4230385.105,35.510,15073,156484.106018,1,-13
290829.772,4230385.472,35.538,17039,156484.106020,1,-13
290829.781,4230385.883,35.543,16465,156484.106023,1,-13
290829.789,4230386.262,35.521,15154,156484.106025,1,-13
290829.798,4230386.636,35.523,15564,156484.106028,1,-13
290829.809,4230387.042,35.574,18513,156484.106031,1,-13
290829.818,4230387.419,35.597,16301,156484.106033,1,-13
290829.826,4230387.776,35.598,17284,156484.106036,1,-13
290829.835,4230388.159,35.607,17039,156484.106038,1,-12
290829.456,4230386.829,35.546,22937,156484.112647,1,-13
290829.467,4230387.237,35.592,16465,156484.112650,1,-13
290829.475,4230387.609,35.598,15154,156484.112653,1,-13
290829.485,4230387.997,35.611,21135,156484.112655,1,-12
290829.494,4230388.379,35.620,12779,156484.112658,1,-12
290829.391,4230384.141,35.465,18267,156484.112629,1,-13
290829.401,4230384.550,35.482,16137,156484.112632,1,-13
290829.410,4230384.917,35.487,13107,156484.112635,1,-13
290829.420,4230385.322,35.507,15974,156484.112637,1,-13
290829.429,4230385.686,35.536,16875,156484.112640,1,-13
290829.438,4230386.070,35.531,18513,156484.112642,1,-13
290829.445,4230386.417,35.514,16137,156484.112645,1,-13
290829.042,4230384.336,35.458,14663,156484.119249,1,-13
290829.051,4230384.711,35.477,14827,156484.119251,1,-13
290829.061,4230385.108,35.484,14499,156484.119254,1,-13
290829.070,4230385.499,35.496,17039,156484.119257,1,-13
290829.080,4230385.888,35.505,16875,156484.119259,1,-13
290829.088,4230386.267,35.495,16301,156484.119262,1,-13
290829.097,4230386.644,35.512,17039,156484.119264,1,-13
290829.107,4230387.016,35.558,16301,156484.119267,1,-13
290829.117,4230387.395,35.576,14499,156484.119269,1,-13
290829.126,4230387.784,35.593,19005,156484.119272,1,-13
290829.137,4230388.194,35.627,17039,156484.119275,1,-12
290828.609,4230384.161,35.433,14827,156484.125866,1,-13
290828.619,4230384.565,35.456,14090,156484.125869,1,-13
290828.628,4230384.928,35.475,13516,156484.125871,1,-13
290828.637,4230385.310,35.486,15400,156484.125874,1,-13
290828.645,4230385.667,35.486,15400,156484.125876,1,-13
290828.654,4230386.073,35.474,16465,156484.125879,1,-13
290828.664,4230386.464,35.486,15318,156484.125881,1,-13
290828.674,4230386.848,35.534,17940,156484.125884,1,-13
290828.685,4230387.246,35.571,14909,156484.125887,1,-13
290828.693,4230387.622,35.568,19250,156484.125889,1,-13
290828.703,4230387.982,35.590,16629,156484.125892,1,-13
290828.168,4230383.892,35.418,26459,156484.132483,1,-13
290828.178,4230384.300,35.426,15810,156484.132485,1,-13
290828.188,4230384.695,35.433,15400,156484.132488,1,-13
290828.197,4230385.072,35.446,16301,156484.132490,1,-13
290828.207,4230385.462,35.476,17940,156484.132493,1,-13
290828.216,4230385.845,35.472,19250,156484.132496,1,-13
290828.223,4230386.203,35.459,17039,156484.132498,1,-13
290828.233,4230386.575,35.478,26459,156484.132501,1,-13
290828.244,4230386.983,35.540,15564,156484.132503,1,-13
290828.254,4230387.391,35.545,16137,156484.132506,1,-13
290828.263,4230387.749,35.567,18759,156484.132509,1,-13
290828.274,4230388.162,35.605,17039,156484.132511,1,-12
290827.826,4230384.052,35.416,19005,156484.139102,1,-13
290827.835,4230384.427,35.420,14253,156484.139105,1,-13
290827.844,4230384.798,35.440,17940,156484.139107,1,-13
290827.853,4230385.203,35.448,15073,156484.139110,1,-13
290827.863,4230385.591,35.460,16301,156484.139113,1,-13
290827.872,4230385.978,35.453,18267,156484.139115,1,-13
290827.881,4230386.360,35.462,21380,156484.139118,1,-13
290827.891,4230386.742,35.496,21790,156484.139120,1,-13
290827.901,4230387.117,35.525,17039,156484.139123,1,-13
290827.910,4230387.488,35.536,16465,156484.139125,1,-13
290827.920,4230387.878,35.563,14663,156484.139128,1,-13
290827.458,4230383.795,35.377,18759,156484.145719,1,-13
290827.468,4230384.186,35.401,16301,156484.145722,1,-13
290827.477,4230384.581,35.412,11222,156484.145724,1,-13
290827.486,4230384.951,35.427,16137,156484.145727,1,-13
290827.495,4230385.319,35.435,15400,156484.145729,1,-13
290827.504,4230385.700,35.438,20070,156484.145732,1,-13
290827.513,4230386.079,35.438,15728,156484.145735,1,-13
290827.523,4230386.485,35.446,34242,156484.145737,1,-13
290827.534,4230386.866,35.501,17039,156484.145740,1,-13
290827.542,4230387.263,35.491,17940,156484.145743,1,-13
290827.552,4230387.624,35.516,16875,156484.145745,1,-13
290827.563,4230388.013,35.563,15073,156484.145748,1,-13
290827.049,4230385.111,35.413,18759,156484.152346,1,-13
290827.058,4230385.496,35.414,15974,156484.152349,1,-13
290827.067,4230385.870,35.412,17039,156484.152352,1,-13
290827.075,4230386.238,35.416,17694,156484.152354,1,-13
290827.085,4230386.616,35.453,26050,156484.152357,1,-13
290827.095,4230387.006,35.471,21135,156484.152359,1,-13
290827.106,4230387.425,35.505,18759,156484.152362,1,-13
290827.115,4230387.782,35.511,20070,156484.152365,1,-13
290827.020,4230383.930,35.374,17940,156484.152339,1,-13
290827.030,4230384.343,35.396,19824,156484.152341,1,-13
290827.040,4230384.731,35.420,20070,156484.152344,1,-13
290826.575,4230383.664,35.350,19250,156484.158956,1,-13
290826.585,4230384.047,35.365,13926,156484.158958,1,-13
290826.594,4230384.403,35.382,15810,156484.158961,1,-13
290826.603,4230384.782,35.396,18759,156484.158963,1,-13
290826.612,4230385.179,35.396,16875,156484.158966,1,-13
290826.622,4230385.582,35.399,16137,156484.158969,1,-13
290826.630,4230385.934,35.387,20070,156484.158971,1,-13
290826.640,4230386.348,35.415,26459,156484.158974,1,-13
290826.650,4230386.717,35.447,16629,156484.158976,1,-13
290826.660,4230387.094,35.475,17039,156484.158979,1,-13
290826.670,4230387.459,35.501,18759,156484.158981,1,-13
290826.679,4230387.869,35.506,15728,156484.158984,1,-13
290826.273,4230385.651,35.384,17284,156484.165588,1,-13
290826.283,4230386.045,35.390,20643,156484.165591,1,-13
290826.293,4230386.454,35.414,23592,156484.165593,1,-13
290826.304,4230386.823,35.459,19005,156484.165596,1,-13
290826.314,4230387.227,35.475,18513,156484.165599,1,-13
290826.323,4230387.595,35.495,18267,156484.165601,1,-13
290826.228,4230383.774,35.358,15564,156484.165575,1,-13
290826.237,4230384.146,35.358,15073,156484.165578,1,-13
290826.247,4230384.538,35.386,19005,156484.165580,1,-13
290826.256,4230384.917,35.374,19250,156484.165583,1,-13
290826.265,4230385.278,35.390,24411,156484.165585,1,-13
290825.849,4230383.509,35.318,23592,156484.172192,1,-13
290825.860,4230383.887,35.354,21135,156484.172194,1,-13
290825.868,4230384.272,35.340,16301,156484.172197,1,-13
290825.879,4230384.686,35.368,22281,156484.172200,1,-13
290825.888,4230385.047,35.376,24084,156484.172202,1,-13
290825.897,4230385.453,35.368,21380,156484.172205,1,-13
290825.905,4230385.806,35.367,17284,156484.172208,1,-13
290825.914,4230386.190,35.380,30883,156484.172210,1,-13
290825.924,4230386.557,35.412,18513,156484.172213,1,-13
290825.935,4230386.964,35.440,19578,156484.172215,1,-13
290825.946,4230387.365,35.485,17530,156484.172218,1,-13
290825.955,4230387.751,35.491,15974,156484.172220,1,-13
290825.412,4230383.618,35.320,15400,156484.178812,1,-13
290825.421,4230384.007,35.332,19578,156484.178814,1,-13
290825.430,4230384.360,35.343,16875,156484.178817,1,-13
290825.439,4230384.739,35.351,26050,156484.178819,1,-13
290825.449,4230385.131,35.353,21380,156484.178822,1,-13
290825.458,4230385.536,35.356,23346,156484.178825,1,-13
290825.467,4230385.894,35.358,21790,156484.178827,1,-13
290825.477,4230386.310,35.382,21626,156484.178830,1,-13
290825.487,4230386.674,35.422,16629,156484.178832,1,-13
290825.498,4230387.058,35.448,17530,156484.178835,1,-13
290825.507,4230387.422,35.472,17694,156484.178837,1,-13
290824.980,4230384.075,35.309,15974,156484.185434,1,-13
290824.991,4230384.489,35.330,19824,156484.185436,1,-13
290825.000,4230384.845,35.342,24657,156484.185439,1,-13
290825.008,4230385.224,35.334,19578,156484.185441,1,-13
290825.017,4230385.586,35.337,15810,156484.185444,1,-13
290825.027,4230385.990,35.342,24411,156484.185447,1,-13
290825.038,4230386.386,35.391,18513,156484.185449,1,-13
290825.048,4230386.773,35.407,15810,156484.185452,1,-13
290825.058,4230387.168,35.435,17284,156484.185454,1,-13
290825.068,4230387.540,35.458,17694,156484.185457,1,-13
290824.960,4230383.299,35.263,18759,156484.185428,1,-13
290824.971,4230383.713,35.306,22281,156484.185431,1,-13
290824.601,4230383.352,35.269,19578,156484.192048,1,-13
290824.611,4230383.744,35.294,15728,156484.192050,1,-13
290824.620,4230384.127,35.292,18759,156484.192053,1,-13
290824.631,4230384.537,35.320,24084,156484.192056,1,-13
290824.639,4230384.899,35.318,23346,156484.192058,1,-13
290824.649,4230385.305,35.317,20070,156484.192061,1,-13
290824.658,4230385.665,35.320,20643,156484.192064,1,-13
290824.668,4230386.047,35.341,22937,156484.192066,1,-13
290824.677,4230386.407,35.353,21135,156484.192069,1,-13
290824.688,4230386.824,35.400,16137,156484.192071,1,-13
290824.698,4230387.210,35.419,19250,156484.192074,1,-13
290824.239,4230383.522,35.278,13762,156484.198668,1,-13
290824.248,4230383.878,35.289,14090,156484.198670,1,-13
290824.258,4230384.257,35.305,21380,156484.198673,1,-13
290824.266,4230384.614,35.292,16465,156484.198675,1,-13
290824.276,4230385.025,35.307,21626,156484.198678,1,-13
290824.285,4230385.414,35.302,20889,156484.198681,1,-13
290824.294,4230385.783,35.300,14335,156484.198683,1,-13
290824.305,4230386.187,35.343,23346,156484.198686,1,-13
290824.315,4230386.571,35.351,16629,156484.198688,1,-13
290824.324,4230386.926,35.382,17940,156484.198691,1,-13
290824.335,4230387.315,35.414,17039,156484.198693,1,-13
290823.782,4230383.221,35.242,16137,156484.205284,1,-13
290823.793,4230383.632,35.266,20889,156484.205287,1,-13
290823.802,4230383.996,35.271,17284,156484.205290,1,-13
290823.812,4230384.404,35.281,19250,156484.205292,1,-13
290823.821,4230384.766,35.288,22445,156484.205295,1,-13
290823.830,4230385.143,35.286,17284,156484.205297,1,-13
290823.838,4230385.498,35.286,17694,156484.205300,1,-13
290823.849,4230385.910,35.299,26459,156484.205303,1,-13
290823.859,4230386.303,35.319,17530,156484.205305,1,-13
290823.869,4230386.681,35.348,17940,156484.205308,1,-13
290823.879,4230387.080,35.371,17940,156484.205310,1,-13
290823.349,4230383.298,35.222,15810,156484.211904,1,-13
290823.358,4230383.659,35.240,15154,156484.211906,1,-13
290823.368,4230384.070,35.247,14090,156484.211909,1,-13
290823.378,4230384.465,35.259,15728,156484.211912,1,-13
290823.387,4230384.838,35.259,17940,156484.211914,1,-13
290823.397,4230385.224,35.263,14663,156484.211917,1,-13
290823.406,4230385.606,35.256,16629,156484.211920,1,-13
290823.415,4230385.965,35.276,24411,156484.211922,1,-13
290823.425,4230386.343,35.293,20643,156484.211925,1,-13
290822.980,4230382.965,35.174,14499,156484.218521,1,-13
290822.991,4230383.376,35.212,14827,156484.218524,1,-13
290823.000,4230383.743,35.225,14663,156484.218526,1,-13
290823.010,4230384.126,35.247,13762,156484.218529,1,-13
290823.019,4230384.480,35.249,14909,156484.218531,1,-13
290823.028,4230384.892,35.249,12779,156484.218534,1,-13
290823.038,4230385.278,35.238,15564,156484.218537,1,-13
290823.048,4230385.659,35.264,17039,156484.218539,1,-13
290823.058,4230386.047,35.281,22691,156484.218542,1,-13
290823.067,4230386.431,35.293,19250,156484.218544,1,-13
290823.124,4230387.055,36.475,9256,156484.218547,1,-13
290822.605,4230383.072,35.175,14663,156484.225140,1,-13
290822.615,4230383.495,35.196,14090,156484.225143,1,-13
290822.624,4230383.848,35.211,10813,156484.225146,1,-13
290822.635,4230384.256,35.225,13107,156484.225148,1,-13
290822.644,4230384.619,35.230,17039,156484.225151,1,-13
290822.653,4230384.995,35.224,14335,156484.225153,1,-13
290822.661,4230385.353,35.229,16465,156484.225156,1,-13
290822.672,4230385.764,35.255,24657,156484.225158,1,-13
290822.683,4230386.162,35.281,21380,156484.225161,1,-13
290822.692,4230386.547,35.289,19005,156484.225164,1,-13
290822.157,4230382.825,35.147,16137,156484.231757,1,-13
290822.167,4230383.206,35.176,14827,156484.231760,1,-13
290822.176,4230383.565,35.186,14253,156484.231762,1,-13
290822.187,4230383.988,35.217,16629,156484.231765,1,-13
290822.197,4230384.370,35.217,15318,156484.231768,1,-13
290822.206,4230384.743,35.209,14253,156484.231770,1,-13
290822.215,4230385.139,35.218,20070,156484.231773,1,-13
290822.225,4230385.515,35.226,18267,156484.231775,1,-13
290822.234,4230385.876,35.240,24411,156484.231778,1,-13
290822.244,4230386.259,35.257,16137,156484.231780,1,-13
290822.254,4230386.651,35.280,17284,156484.231783,1,-13
290822.265,4230387.065,35.307,19005,156484.231786,1,-13
290821.753,4230384.442,35.186,17530,156484.238387,1,-13
290821.763,4230384.844,35.187,15318,156484.238390,1,-13
290821.773,4230385.234,35.186,18267,156484.238392,1,-13
290821.783,4230385.619,35.211,24411,156484.238395,1,-13
290821.793,4230386.009,35.233,21135,156484.238398,1,-13
290821.802,4230386.383,35.237,21626,156484.238400,1,-13
290821.811,4230386.749,35.245,18267,156484.238403,1,-13
290821.715,4230382.929,35.140,10977,156484.238377,1,-13
290821.726,4230383.338,35.159,17039,156484.238380,1,-13
290821.735,4230383.695,35.172,11222,156484.238382,1,-13
290821.744,4230384.079,35.188,15564,156484.238385,1,-13
290821.347,4230382.625,35.117,18513,156484.244994,1,-13
290821.358,4230383.034,35.148,14499,156484.244996,1,-13
290821.367,4230383.422,35.155,14499,156484.244999,1,-13
290821.378,4230383.810,35.179,14909,156484.245002,1,-13
290821.387,4230384.197,35.182,16629,156484.245004,1,-13
290821.397,4230384.574,35.190,16301,156484.245007,1,-13
290821.405,4230384.935,35.183,15318,156484.245009,1,-13
290821.415,4230385.312,35.192,17039,156484.245012,1,-13
290821.425,4230385.709,35.219,30228,156484.245014,1,-13
290821.435,4230386.107,35.212,20070,156484.245017,1,-13
290821.445,4230386.480,35.253,15154,156484.245020,1,-13
290821.454,4230386.881,35.228,22036,156484.245022,1,-13
290820.986,4230382.759,35.119,20889,156484.251613,1,-13
290820.996,4230383.142,35.136,14827,156484.251616,1,-13
290821.005,4230383.515,35.152,13516,156484.251618,1,-13
290821.016,4230383.918,35.176,15154,156484.251621,1,-13
290821.025,4230384.306,35.172,16137,156484.251624,1,-13
290821.035,4230384.691,35.167,17284,156484.251626,1,-13
290821.044,4230385.073,35.169,19824,156484.251629,1,-13
290821.054,4230385.452,35.188,14335,156484.251631,1,-13
290821.064,4230385.819,35.219,15564,156484.251634,1,-13
290821.073,4230386.195,35.211,14090,156484.251636,1,-13
290821.083,4230386.584,35.228,16137,156484.251639,1,-13
290820.533,4230382.533,35.083,16301,156484.258230,1,-13
290820.544,4230382.925,35.115,15564,156484.258233,1,-13
290820.554,4230383.314,35.139,15810,156484.258236,1,-13
290820.564,4230383.694,35.151,15073,156484.258238,1,-13
290820.573,4230384.057,35.142,16137,156484.258241,1,-13
290820.582,4230384.430,35.148,15974,156484.258243,1,-13
290820.592,4230384.820,35.153,16629,156484.258246,1,-13
290820.602,4230385.233,35.163,15974,156484.258248,1,-13
290820.613,4230385.596,35.203,16629,156484.258251,1,-13
290820.623,4230386.004,35.210,15073,156484.258254,1,-13
290820.632,4230386.368,35.212,15073,156484.258256,1,-13
290820.642,4230386.743,35.230,15073,156484.258259,1,-13
290820.090,4230382.603,35.072,20397,156484.264850,1,-13
290820.101,4230383.015,35.087,13762,156484.264852,1,-13
290820.111,4230383.404,35.119,15974,156484.264855,1,-13
290820.121,4230383.790,35.131,16137,156484.264858,1,-13
290820.130,4230384.181,35.125,16875,156484.264860,1,-13
290820.140,4230384.553,35.133,18267,156484.264863,1,-13
290820.148,4230384.908,35.122,15974,156484.264865,1,-13
290820.158,4230385.296,35.136,16629,156484.264868,1,-13
290820.168,4230385.683,35.157,25312,156484.264870,1,-13
290820.180,4230386.095,35.188,26951,156484.264873,1,-13
290820.190,4230386.462,35.216,23838,156484.264876,1,-13
290819.731,4230382.368,35.048,21135,156484.271467,1,-13
290819.741,4230382.757,35.073,12533,156484.271469,1,-13
290819.751,4230383.117,35.090,13352,156484.271472,1,-13
290819.761,4230383.498,35.110,15974,156484.271474,1,-13
290819.772,4230383.902,35.133,14663,156484.271477,1,-13
290819.781,4230384.300,35.113,20070,156484.271480,1,-13
290819.790,4230384.655,35.121,17530,156484.271482,1,-13
290819.799,4230385.067,35.103,15073,156484.271485,1,-13
290819.809,4230385.429,35.131,19824,156484.271487,1,-13
290819.819,4230385.805,35.155,22937,156484.271490,1,-13
290819.828,4230386.175,35.162,20397,156484.271492,1,-13
290819.839,4230386.583,35.187,24084,156484.271495,1,-13
290819.368,4230382.542,35.048,18759,156484.278086,1,-13
290819.379,4230382.917,35.077,15974,156484.278089,1,-13
290819.389,4230383.312,35.087,15728,156484.278091,1,-13
290819.399,4230383.701,35.110,11878,156484.278094,1,-13
290819.408,4230384.051,35.108,17039,156484.278096,1,-13
290819.416,4230384.428,35.094,16137,156484.278099,1,-13
290819.426,4230384.824,35.097,17530,156484.278102,1,-13
290819.437,4230385.225,35.109,17694,156484.278104,1,-13
290819.445,4230385.583,35.113,22281,156484.278107,1,-13
290819.457,4230386.007,35.152,21135,156484.278110,1,-13
290819.467,4230386.366,35.174,21135,156484.278112,1,-13
290818.923,4230382.282,35.023,20889,156484.284703,1,-13
290818.934,4230382.664,35.054,16301,156484.284706,1,-13
290818.944,4230383.061,35.067,17694,156484.284708,1,-13
290818.954,4230383.467,35.073,14335,156484.284711,1,-13
290818.964,4230383.829,35.091,17039,156484.284713,1,-13
290818.974,4230384.240,35.093,16875,156484.284716,1,-13
290818.983,4230384.599,35.093,15400,156484.284719,1,-13
290818.991,4230384.967,35.079,17284,156484.284721,1,-13
290819.001,4230385.336,35.099,23838,156484.284724,1,-13
290819.012,4230385.747,35.115,19578,156484.284726,1,-13
290819.023,4230386.140,35.165,17694,156484.284729,1,-13
290818.491,4230382.431,35.009,16465,156484.291323,1,-13
290818.502,4230382.819,35.038,16465,156484.291325,1,-13
290818.511,4230383.178,35.051,12533,156484.291328,1,-13
290818.521,4230383.557,35.056,12779,156484.291330,1,-13
290818.531,4230383.954,35.077,15073,156484.291333,1,-13
290818.541,4230384.357,35.072,13762,156484.291336,1,-13
290818.550,4230384.712,35.072,16629,156484.291338,1,-13
290818.560,4230385.128,35.078,19824,156484.291341,1,-13
290818.570,4230385.490,35.087,26459,156484.291343,1,-13
290818.580,4230385.866,35.124,20397,156484.291346,1,-13
290818.591,4230386.240,35.154,21135,156484.291348,1,-13
290818.123,4230382.154,34.977,19824,156484.297940,1,-13
290818.134,4230382.569,35.015,20643,156484.297942,1,-13
290818.143,4230382.930,35.030,16875,156484.297945,1,-13
290818.154,4230383.344,35.048,15154,156484.297947,1,-13
290818.164,4230383.706,35.061,14335,156484.297950,1,-13
290818.173,4230384.083,35.051,13352,156484.297952,1,-13
290818.182,4230384.441,35.046,14253,156484.297955,1,-13
290818.192,4230384.848,35.055,14090,156484.297958,1,-13
290818.202,4230385.240,35.062,18759,156484.297960,1,-13
290818.212,4230385.615,35.078,22937,156484.297963,1,-13
290818.223,4230386.012,35.126,18513,156484.297966,1,-13
290817.755,4230381.981,34.956,17284,156484.304557,1,-13
290817.765,4230382.344,34.993,20889,156484.304559,1,-13
290817.775,4230382.721,35.007,13926,156484.304562,1,-13
290817.785,4230383.117,35.023,15810,156484.304564,1,-13
290817.796,4230383.529,35.038,15564,156484.304567,1,-13
290817.805,4230383.885,35.038,14909,156484.304569,1,-13
290817.815,4230384.294,35.048,16137,156484.304572,1,-13
290817.824,4230384.656,35.042,17284,156484.304575,1,-13
290817.833,4230385.031,35.037,20889,156484.304577,1,-13
290817.843,4230385.391,35.059,23183,156484.304580,1,-13
290817.854,4230385.809,35.082,19578,156484.304582,1,-13
290817.866,4230386.209,35.120,17694,156484.304585,1,-13
290817.392,4230385.227,35.036,29490,156484.311197,1,-13
290817.402,4230385.609,35.042,23183,156484.311199,1,-13
290817.313,4230382.143,34.963,20889,156484.311176,1,-13
290817.325,4230382.570,35.005,15073,156484.311179,1,-13
290817.333,4230382.921,34.998,15974,156484.311181,1,-13
290817.344,4230383.304,35.026,10977,156484.311184,1,-13
290817.353,4230383.667,35.028,14090,156484.311186,1,-13
290817.363,4230384.071,35.025,14909,156484.311189,1,-13
290817.373,4230384.459,35.028,20397,156484.311192,1,-13
290817.382,4230384.841,35.030,16875,156484.311194,1,-13
290817.413,4230385.982,35.098,16301,156484.311202,1,-13
290816.865,4230381.880,34.934,19578,156484.317793,1,-13
290816.877,4230382.286,34.969,15974,156484.317796,1,-13
290816.888,4230382.700,34.994,18513,156484.317798,1,-13
290816.897,4230383.054,34.994,16301,156484.317801,1,-13
290816.907,4230383.463,35.002,14499,156484.317803,1,-13
290816.916,4230383.822,35.001,14335,156484.317806,1,-13
290816.926,4230384.205,35.011,17039,156484.317808,1,-13
290816.935,4230384.560,35.003,20889,156484.317811,1,-13
290816.945,4230384.968,35.005,20889,156484.317814,1,-13
290816.955,4230385.358,35.003,23592,156484.317816,1,-13
290816.966,4230385.744,35.046,19005,156484.317819,1,-13
290816.977,4230386.139,35.096,16301,156484.317822,1,-13
290816.519,4230382.052,34.943,21380,156484.324412,1,-13
290816.530,4230382.444,34.967,15154,156484.324415,1,-13
290816.539,4230382.799,34.983,12779,156484.324417,1,-13
290816.549,4230383.205,34.982,14909,156484.324420,1,-13
290816.560,4230383.606,34.994,10321,156484.324423,1,-13
290816.569,4230383.980,34.997,13762,156484.324425,1,-13
290816.579,4230384.365,34.998,15810,156484.324428,1,-13
290816.589,4230384.748,35.000,15974,156484.324431,1,-13
290816.597,4230385.105,34.995,19578,156484.324433,1,-13
290816.606,4230385.477,34.994,23838,156484.324436,1,-13
290816.618,4230385.883,35.045,18267,156484.324438,1,-13
290816.138,4230381.864,34.907,19250,156484.331029,1,-13
290816.148,4230382.239,34.940,15073,156484.331032,1,-13
290816.159,4230382.639,34.952,14909,156484.331035,1,-13
290816.169,4230383.007,34.965,14335,156484.331037,1,-13
290816.178,4230383.391,34.968,16137,156484.331040,1,-13
290816.188,4230383.744,34.984,10321,156484.331042,1,-13
290816.198,4230384.152,34.989,16137,156484.331045,1,-13
290816.207,4230384.547,34.977,14499,156484.331048,1,-13
290816.217,4230384.918,34.977,16629,156484.331050,1,-13
290816.226,4230385.304,34.981,20643,156484.331053,1,-13
290816.237,4230385.687,34.993,18513,156484.331055,1,-13
290815.693,4230381.671,34.879,22445,156484.337646,1,-13
290815.703,4230382.041,34.918,12533,156484.337649,1,-13
290815.715,4230382.454,34.952,17039,156484.337651,1,-13
290815.725,4230382.849,34.966,16875,156484.337654,1,-13
290815.734,4230383.225,34.955,13352,156484.337657,1,-13
290815.745,4230383.613,34.978,13926,156484.337659,1,-13
290815.754,4230383.996,34.978,14090,156484.337662,1,-13
290815.763,4230384.350,34.973,10649,156484.337664,1,-13
290815.772,4230384.724,34.962,19824,156484.337667,1,-13
290815.782,4230385.119,34.962,19578,156484.337670,1,-13
290815.792,4230385.516,34.948,26050,156484.337672,1,-13
290815.802,4230385.885,34.991,18513,156484.337675,1,-13
290815.358,4230385.668,34.936,20643,156484.344292,1,-13
290815.260,4230381.879,34.872,16629,156484.344266,1,-13
290815.271,4230382.248,34.919,19250,156484.344268,1,-13
290815.281,4230382.636,34.932,14253,156484.344271,1,-13
290815.290,4230382.996,34.926,15318,156484.344273,1,-13
290815.301,4230383.399,34.945,14090,156484.344276,1,-13
290815.311,4230383.799,34.955,13516,156484.344279,1,-13
290815.321,4230384.177,34.953,11878,156484.344281,1,-13
290815.331,4230384.560,34.962,12779,156484.344284,1,-13
290815.339,4230384.933,34.941,18759,156484.344287,1,-13
290815.348,4230385.298,34.934,15974,156484.344289,1,-13
290814.887,4230381.663,34.822,24985,156484.350883,1,-13
290814.899,4230382.061,34.883,17530,156484.350885,1,-13
290814.910,4230382.445,34.908,14827,156484.350888,1,-13
290814.920,4230382.846,34.924,17039,156484.350891,1,-13
290814.930,4230383.217,34.925,13926,156484.350893,1,-13
290814.939,4230383.578,34.939,14253,156484.350896,1,-13
290814.950,4230383.969,34.958,9584,156484.350898,1,-13
290814.959,4230384.352,34.945,10813,156484.350901,1,-13
290814.522,4230381.463,34.786,19824,156484.357500,1,-13
290814.532,4230381.847,34.815,15073,156484.357502,1,-13
290814.544,4230382.225,34.873,18513,156484.357505,1,-13
290814.556,4230382.642,34.908,10649,156484.357507,1,-13
290814.565,4230383.025,34.907,16629,156484.357510,1,-13
290814.969,4230384.749,34.927,14335,156484.350903,1,-13
290814.978,4230385.116,34.926,19250,156484.350906,1,-13
290814.987,4230385.518,34.911,20643,156484.350909,1,-13
290814.575,4230383.408,34.908,14253,156484.357513,1,-13
290814.586,4230383.807,34.926,14253,156484.357515,1,-13
290814.595,4230384.176,34.935,11878,156484.357518,1,-13
290814.604,4230384.539,34.921,15073,156484.357520,1,-13
290814.613,4230384.917,34.916,10813,156484.357523,1,-13
290814.623,4230385.296,34.903,15728,156484.357526,1,-13
290814.634,4230385.709,34.933,18513,156484.357528,1,-13
290814.078,4230381.327,34.760,18513,156484.364117,1,-13
290814.088,4230381.706,34.772,14827,156484.364119,1,-13
290814.101,4230382.115,34.837,15810,156484.364122,1,-13
290814.111,4230382.498,34.859,14253,156484.364124,1,-13
290814.121,4230382.861,34.888,15728,156484.364127,1,-13
290814.131,4230383.243,34.894,12779,156484.364129,1,-13
290814.141,4230383.634,34.902,10649,156484.364132,1,-13
290814.152,4230384.037,34.911,14909,156484.364135,1,-13
290814.161,4230384.405,34.919,10813,156484.364137,1,-13
290814.171,4230384.805,34.890,11222,156484.364140,1,-13
290814.179,4230385.159,34.891,17694,156484.364142,1,-13
290814.189,4230385.541,34.885,17940,156484.364145,1,-13
290813.642,4230381.479,34.713,16301,156484.370736,1,-13
290813.655,4230381.905,34.775,15974,156484.370739,1,-13
290813.667,4230382.303,34.829,17940,156484.370741,1,-13
290813.678,4230382.687,34.865,14827,156484.370744,1,-13
290813.688,4230383.084,34.869,14827,156484.370747,1,-13
290813.697,4230383.458,34.871,15810,156484.370749,1,-13
290813.707,4230383.819,34.891,14663,156484.370752,1,-13
290813.717,4230384.203,34.890,11878,156484.370754,1,-13
290813.726,4230384.592,34.881,9584,156484.370757,1,-13
290813.736,4230384.991,34.874,14827,156484.370759,1,-13
290813.745,4230385.352,34.868,16137,156484.370762,1,-13
290813.287,4230381.339,34.683,24411,156484.377353,1,-13
290813.298,4230381.724,34.722,13762,156484.377356,1,-13
290813.372,4230384.425,34.880,11550,156484.377374,1,-13
290813.381,4230384.793,34.866,14335,156484.377376,1,-13
290813.390,4230385.146,34.859,15810,156484.377379,1,-13
290813.400,4230385.561,34.847,15728,156484.377381,1,-13
290813.310,4230382.099,34.780,15974,156484.377358,1,-13
290813.321,4230382.490,34.832,16301,156484.377361,1,-13
290813.332,4230382.883,34.861,9584,156484.377363,1,-13
290813.342,4230383.289,34.849,13926,156484.377366,1,-13
290813.352,4230383.648,34.867,10649,156484.377369,1,-13
290813.363,4230384.054,34.874,12779,156484.377371,1,-13
290812.915,4230381.190,34.638,18267,156484.383970,1,-13
290812.928,4230381.593,34.701,15400,156484.383973,1,-13
290812.939,4230381.979,34.742,14090,156484.383975,1,-13
290812.951,4230382.382,34.805,15154,156484.383978,1,-13
290812.961,4230382.769,34.826,13762,156484.383980,1,-13
290812.971,4230383.131,34.833,9994,156484.383983,1,-13
290812.981,4230383.507,34.842,15154,156484.383985,1,-13
290812.991,4230383.902,34.851,10977,156484.383988,1,-13
290813.002,4230384.316,34.860,13516,156484.383991,1,-13
290813.011,4230384.666,34.856,13926,156484.383993,1,-13
290813.020,4230385.068,34.838,13926,156484.383996,1,-13
290813.029,4230385.435,34.829,16465,156484.383998,1,-13
290812.482,4230381.041,34.624,17530,156484.390587,1,-13
290812.493,4230381.424,34.651,19250,156484.390589,1,-13
290812.504,4230381.801,34.703,14335,156484.390592,1,-13
290812.516,4230382.217,34.750,15073,156484.390595,1,-13
290812.528,4230382.620,34.795,10977,156484.390597,1,-13
290812.538,4230383.000,34.807,10977,156484.390600,1,-13
290812.548,4230383.387,34.810,14827,156484.390603,1,-13
290812.558,4230383.769,34.817,14335,156484.390605,1,-13
290812.567,4230384.131,34.826,9256,156484.390608,1,-13
290812.577,4230384.507,34.832,13107,156484.390610,1,-13
290812.587,4230384.899,34.830,14090,156484.390613,1,-13
290812.597,4230385.300,34.809,10157,156484.390615,1,-13
290812.047,4230381.271,34.607,15810,156484.397206,1,-13
290812.060,4230381.673,34.677,12779,156484.397209,1,-13
290812.070,4230382.058,34.702,15154,156484.397212,1,-13
290812.081,4230382.429,34.739,14909,156484.397214,1,-13
290812.092,4230382.816,34.782,14499,156484.397217,1,-13
290812.102,4230383.201,34.788,14090,156484.397219,1,-13
290812.113,4230383.614,34.780,15318,156484.397222,1,-13
290812.122,4230383.975,34.789,15318,156484.397225,1,-13
290812.134,4230384.384,34.820,9338,156484.397227,1,-13
290812.143,4230384.751,34.823,13762,156484.397230,1,-13
290812.152,4230385.128,34.814,12779,156484.397232,1,-13
290811.685,4230381.073,34.590,24657,156484.403823,1,-13
290811.697,4230381.488,34.640,16465,156484.403826,1,-13
290811.709,4230381.894,34.685,16465,156484.403829,1,-13
290811.720,4230382.279,34.721,14335,156484.403831,1,-13
290811.731,4230382.678,34.759,14827,156484.403834,1,-13
290811.741,4230383.060,34.768,14827,156484.403836,1,-13
290811.750,4230383.415,34.769,14090,156484.403839,1,-13
290811.760,4230383.793,34.762,14335,156484.403841,1,-13
290811.770,4230384.180,34.767,10649,156484.403844,1,-13
290811.781,4230384.588,34.789,16629,156484.403847,1,-13
290811.791,4230384.960,34.810,12533,156484.403849,1,-13
290811.324,4230380.980,34.591,26050,156484.410440,1,-13
290811.333,4230381.357,34.603,19250,156484.410443,1,-13
290811.345,4230381.740,34.648,15154,156484.410445,1,-13
290811.357,4230382.123,34.705,11878,156484.410448,1,-13
290811.367,4230382.513,34.724,15400,156484.410451,1,-13
290811.379,4230382.930,34.756,13352,156484.410453,1,-13
290811.388,4230383.292,34.750,13516,156484.410456,1,-13
290811.398,4230383.698,34.747,11878,156484.410458,1,-13
290811.407,4230384.054,34.745,14663,156484.410461,1,-13
290811.418,4230384.438,34.757,10977,156484.410463,1,-13
290811.428,4230384.804,34.787,11878,156484.410466,1,-13
290811.438,4230385.205,34.778,11878,156484.410469,1,-13
290810.910,4230381.639,34.611,14663,156484.417062,1,-13
290810.922,4230382.041,34.665,10321,156484.417065,1,-13
290810.933,4230382.428,34.694,17039,156484.417068,1,-13
290810.943,4230382.796,34.736,8765,156484.417070,1,-13
290810.888,4230380.857,34.555,21626,156484.417057,1,-13
290810.900,4230381.264,34.599,16137,156484.417060,1,-13
290810.954,4230383.176,34.747,8601,156484.417073,1,-13
290810.963,4230383.566,34.731,13762,156484.417075,1,-13
290810.973,4230383.965,34.720,15810,156484.417078,1,-13
290810.994,4230384.745,34.762,14253,156484.417083,1,-13
290811.003,4230385.100,34.757,11550,156484.417086,1,-13
290810.513,4230383.028,34.705,10321,156484.423690,1,-13
290810.523,4230383.390,34.720,10977,156484.423692,1,-13
290810.542,4230384.125,34.704,17694,156484.423697,1,-13
290810.552,4230384.533,34.707,14335,156484.423700,1,-13
290810.563,4230384.925,34.735,17694,156484.423703,1,-13
290810.448,4230380.686,34.551,20889,156484.423674,1,-13
290810.458,4230381.056,34.570,15728,156484.423677,1,-13
290810.469,4230381.443,34.597,15073,156484.423679,1,-13
290810.481,4230381.834,34.636,13107,156484.423682,1,-13
290810.492,4230382.251,34.672,14253,156484.423685,1,-13
290810.502,4230382.616,34.692,12205,156484.423687,1,-13
290810.093,4230380.569,34.547,22281,156484.430291,1,-13
290810.103,4230380.943,34.552,21135,156484.430294,1,-13
290810.115,4230381.349,34.586,16301,156484.430296,1,-13
290810.125,4230381.728,34.602,12533,156484.430299,1,-13
290810.135,4230382.090,34.624,14335,156484.430301,1,-13
290810.146,4230382.481,34.656,10813,156484.430304,1,-13
290810.158,4230382.880,34.702,14909,156484.430307,1,-13
290810.168,4230383.283,34.705,11222,156484.430309,1,-13
290810.178,4230383.646,34.695,10321,156484.430312,1,-13
290810.187,4230384.047,34.676,14335,156484.430314,1,-13
290810.197,4230384.410,34.693,14663,156484.430317,1,-13
290810.208,4230384.793,34.708,15564,156484.430319,1,-13
290809.743,4230380.793,34.535,20643,156484.436910,1,-13
290809.755,4230381.195,34.558,20070,156484.436913,1,-13
290809.766,4230381.601,34.588,14909,156484.436916,1,-13
290809.776,4230381.965,34.616,17694,156484.436918,1,-13
290809.787,4230382.384,34.617,10649,156484.436921,1,-13
290809.797,4230382.744,34.644,10649,156484.436924,1,-13
290809.808,4230383.125,34.669,12205,156484.436926,1,-13
290809.819,4230383.500,34.698,14253,156484.436929,1,-13
290809.828,4230383.897,34.677,14090,156484.436931,1,-13
290809.838,4230384.281,34.664,15073,156484.436934,1,-13
290809.848,4230384.662,34.675,14909,156484.436936,1,-13
290809.312,4230380.752,34.516,19250,156484.443528,1,-13
290809.323,4230381.139,34.549,18513,156484.443530,1,-13
290809.333,4230381.500,34.584,15073,156484.443533,1,-13
290809.344,4230381.890,34.604,14090,156484.443535,1,-13
290809.365,4230382.685,34.619,11550,156484.443541,1,-13
290809.376,4230383.058,34.651,14909,156484.443543,1,-13
290809.387,4230383.465,34.667,12533,156484.443546,1,-13
290809.396,4230383.825,34.674,14090,156484.443548,1,-13
290809.406,4230384.204,34.659,10813,156484.443551,1,-13
290809.414,4230384.558,34.653,15400,156484.443553,1,-13
290808.922,4230380.865,35.582,3768,156484.450144,1,-13
290808.933,4230381.276,35.587,3276,156484.450147,1,-13
290808.940,4230381.615,35.533,3850,156484.450150,1,-13
290808.943,4230381.980,35.344,3112,156484.450152,1,-13
290808.924,4230382.172,34.584,15728,156484.450155,1,-13
290808.934,4230382.545,34.598,15728,156484.450157,1,-13
290808.944,4230382.907,34.604,11878,156484.450160,1,-13
290808.956,4230383.323,34.641,11878,156484.450162,1,-13
290808.966,4230383.716,34.644,12533,156484.450165,1,-13
290808.976,4230384.092,34.643,14090,156484.450168,1,-13
290808.985,4230384.478,34.629,12779,156484.450170,1,-13
290808.995,4230384.855,34.624,15728,156484.450173,1,-13
290808.581,4230380.783,35.630,4423,156484.456761,1,-13
290808.591,4230381.159,35.655,5570,156484.456764,1,-13
290808.601,4230381.528,35.653,5488,156484.456766,1,-13
290808.610,4230381.911,35.635,9912,156484.456769,1,-13
290808.581,4230382.080,34.560,7864,156484.456772,1,-13
290808.590,4230382.439,34.573,14335,156484.456774,1,-13
290808.602,4230382.848,34.598,14827,156484.456777,1,-13
290808.611,4230383.211,34.594,15400,156484.456779,1,-13
290808.621,4230383.593,34.611,10649,156484.456782,1,-13
290808.631,4230383.952,34.631,9994,156484.456784,1,-13
290808.642,4230384.364,34.629,14253,156484.456787,1,-13
290808.651,4230384.749,34.612,12205,156484.456790,1,-13
290808.226,4230380.709,35.620,4423,156484.463378,1,-13
290808.237,4230381.082,35.659,4833,156484.463381,1,-13
290808.248,4230381.483,35.671,8028,156484.463384,1,-13
290808.257,4230381.848,35.667,21380,156484.463386,1,-13
290808.257,4230382.166,35.402,2375,156484.463389,1,-13
290808.235,4230382.323,34.555,11222,156484.463391,1,-13
290808.245,4230382.730,34.559,14090,156484.463394,1,-13
290808.257,4230383.135,34.581,12205,156484.463396,1,-13
290808.267,4230383.510,34.591,13762,156484.463399,1,-13
290808.277,4230383.901,34.614,12205,156484.463402,1,-13
290808.287,4230384.279,34.611,9011,156484.463404,1,-13
290808.296,4230384.636,34.593,13352,156484.463407,1,-13
290807.804,4230380.633,35.698,1146,156484.469995,1,-13
290807.815,4230381.017,35.725,1146,156484.469998,1,-13
290807.823,4230381.389,35.673,3194,156484.470000,1,-13
290807.834,4230381.804,35.681,13762,156484.470003,1,-13
290807.834,4230382.102,35.419,1392,156484.470006,1,-13
290807.811,4230382.300,34.531,14499,156484.470008,1,-13
290807.821,4230382.667,34.543,13107,156484.470011,1,-13
290807.831,4230383.044,34.558,16629,156484.470013,1,-13
290807.840,4230383.404,34.555,15073,156484.470016,1,-13
290807.852,4230383.819,34.572,11878,156484.470018,1,-13
290807.863,4230384.208,34.595,12205,156484.470021,1,-13
290807.872,4230384.586,34.594,13516,156484.470024,1,-13
290807.392,4230380.625,36.012,819,156484.476612,1,-13
290807.366,4230380.804,35.026,1474,156484.476615,1,-13
290807.379,4230381.186,35.153,1064,156484.476617,1,-13
290807.411,4230381.704,35.726,1310,156484.476620,1,-13
290807.413,4230382.025,35.546,1146,156484.476622,1,-13
290807.386,4230382.188,34.527,17940,156484.476625,1,-13
290807.396,4230382.580,34.537,14335,156484.476628,1,-13
290807.406,4230382.964,34.525,14499,156484.476630,1,-13
290807.417,4230383.352,34.549,15318,156484.476633,1,-13
290807.427,4230383.729,34.548,10157,156484.476635,1,-13
290807.437,4230384.101,34.566,15810,156484.476638,1,-13
290807.446,4230384.471,34.561,14663,156484.476640,1,-13
290807.047,4230380.558,36.074,5324,156484.483229,1,-13
290807.059,4230380.962,36.126,6635,156484.483232,1,-13
290807.070,4230381.365,36.128,7618,156484.483234,1,-13
290807.078,4230381.715,36.102,4423,156484.483237,1,-13
290807.066,4230381.987,35.471,1310,156484.483240,1,-13
290807.038,4230382.115,34.488,13762,156484.483242,1,-13
290807.049,4230382.493,34.513,11878,156484.483245,1,-13
290807.059,4230382.863,34.516,14909,156484.483247,1,-13
290807.069,4230383.267,34.518,10157,156484.483250,1,-13
290807.080,4230383.657,34.541,15154,156484.483252,1,-13
290807.090,4230384.041,34.542,13926,156484.483255,1,-13
290807.101,4230384.431,34.554,16301,156484.483258,1,-13
290806.709,4230380.944,36.088,5980,156484.489849,1,-13
290806.719,4230381.317,36.113,7618,156484.489851,1,-13
290806.728,4230381.673,36.074,4095,156484.489854,1,-13
290806.716,4230381.949,35.489,1556,156484.489856,1,-13
290806.688,4230382.092,34.461,14663,156484.489859,1,-13
290806.699,4230382.472,34.476,15810,156484.489861,1,-13
290806.710,4230382.875,34.492,13926,156484.489864,1,-13
290806.720,4230383.251,34.508,14253,156484.489867,1,-13
290806.730,4230383.610,34.516,10157,156484.489869,1,-13
290806.740,4230383.991,34.522,15810,156484.489872,1,-13
290806.750,4230384.384,34.533,10485,156484.489874,1,-13
290806.294,4230383.183,34.481,15073,156484.496484,1,-13
290806.304,4230383.568,34.477,10649,156484.496486,1,-13
290806.314,4230383.952,34.490,15564,156484.496489,1,-13
290806.325,4230384.336,34.516,16465,156484.496491,1,-13
290806.179,4230384.139,43.751,7454,156484.503093,1,-13
290856.112,4230392.518,47.604,6635,156483.689146,1,-12
290856.029,4230392.483,45.744,6061,156483.689149,1,-12
290855.703,4230389.487,49.019,6143,156483.695740,1,-13
290855.707,4230389.850,48.976,6717,156483.695742,1,-13
290855.731,4230390.993,49.075,6061,156483.695750,1,-12
290855.728,4230391.349,48.853,7700,156483.695753,1,-12
290855.727,4230392.327,48.445,6143,156483.695760,1,-12
290855.738,4230392.739,48.538,7536,156483.695763,1,-12
290856.085,4230388.959,48.404,9092,156483.689120,1,-13
290856.114,4230389.460,48.845,5242,156483.689123,1,-13
290856.144,4230390.609,49.079,5816,156483.689130,1,-12
290856.156,4230391.000,49.201,6471,156483.689133,1,-12
290856.366,4230392.125,44.141,7454,156483.682532,1,-12
290856.522,4230389.733,48.611,6799,156483.682508,1,-13
290856.558,4230391.645,48.676,7045,156483.682521,1,-12
290856.926,4230393.138,45.336,7618,156483.675920,1,-12
290856.945,4230390.493,46.787,7372,156483.675899,1,-12
290857.011,4230391.137,48.036,5980,156483.675902,1,-12
290857.498,4230391.409,47.917,6553,156483.669287,1,-12
290857.016,4230393.392,36.210,16137,156483.669318,1,-12
290857.494,4230389.701,48.489,8601,156483.669275,1,-13
290857.472,4230389.909,47.891,6963,156483.669277,1,-13
290857.511,4230390.787,48.438,8109,156483.669282,1,-12
290857.910,4230390.025,48.237,6225,156483.662660,1,-13
290857.436,4230393.417,36.214,14909,156483.662702,1,-12
290858.343,4230389.737,48.683,9256,156483.656041,1,-13
290858.318,4230390.975,47.646,5570,156483.656051,1,-12
290858.131,4230391.847,43.094,5816,156483.656064,1,-12
290858.763,4230390.104,46.813,8519,156483.649429,1,-12
290858.820,4230391.057,47.741,9584,156483.649434,1,-12
290858.654,4230390.618,44.159,6799,156483.649437,1,-12
290858.318,4230391.543,36.205,15974,156483.649455,1,-12
290858.638,4230393.301,42.778,8273,156483.649457,1,-12
290858.345,4230393.066,36.240,16301,156483.649465,1,-12
290858.350,4230393.420,36.228,14253,156483.649468,1,-12
290858.784,4230389.563,36.201,22937,156483.642825,1,-12
290858.835,4230392.608,36.201,24084,156483.642846,1,-12
290858.842,4230392.996,36.227,17039,156483.642848,1,-12
290858.848,4230393.342,36.232,15318,156483.642851,1,-12
290858.855,4230393.721,36.236,15400,156483.642853,1,-12
290859.211,4230389.497,36.192,32194,156483.636208,1,-12
290859.482,4230391.430,41.591,9912,156483.636213,1,-12
290859.474,4230391.745,41.291,6963,156483.636216,1,-12
290859.515,4230392.975,41.780,7536,156483.636223,1,-12
290859.518,4230393.318,41.705,9748,156483.636226,1,-12
290859.504,4230393.597,41.282,11550,156483.636228,1,-12
290859.281,4230393.665,36.221,15154,156483.636236,1,-12
290859.635,4230389.841,36.191,24657,156483.629594,1,-12
290859.902,4230392.098,41.387,9256,156483.629601,1,-12
290859.903,4230392.429,41.296,6307,156483.629604,1,-12
290859.932,4230392.935,41.760,8028,156483.629607,1,-12
290859.919,4230393.569,41.233,8519,156483.629612,1,-12
290860.430,4230393.211,41.496,7372,156483.622992,1,-12
290860.193,4230393.186,36.165,22036,156483.623000,1,-12
290860.200,4230393.592,36.178,22445,156483.623003,1,-12
290860.206,4230393.946,36.181,17940,156483.623005,1,-12
290860.138,4230389.791,36.170,24657,156483.622977,1,-12
290860.144,4230390.146,36.176,17530,156483.622979,1,-12
290860.646,4230390.068,36.177,17940,156483.616362,1,-12
290860.652,4230390.467,36.168,19005,156483.616365,1,-12
290860.658,4230390.830,36.163,21380,156483.616368,1,-12
290860.664,4230391.201,36.163,17284,156483.616370,1,-12
290860.917,4230393.044,41.209,8519,156483.616375,1,-12
290860.922,4230393.426,41.182,9584,156483.616378,1,-12
290860.699,4230393.482,36.114,25640,156483.616386,1,-12
290860.705,4230393.831,36.132,16301,156483.616388,1,-12
290861.077,4230389.977,36.169,22445,156483.609745,1,-12
290861.082,4230390.332,36.162,17940,156483.609748,1,-12
290861.089,4230390.731,36.158,17039,156483.609751,1,-12
290861.094,4230391.114,36.145,19005,156483.609753,1,-12
290861.118,4230392.612,36.135,17530,156483.609763,1,-12
290861.123,4230392.975,36.109,16875,156483.609766,1,-12
290861.127,4230393.353,36.085,35225,156483.609769,1,-12
290861.134,4230393.760,36.078,18513,156483.609771,1,-12
290861.140,4230394.119,36.097,15728,156483.609774,1,-12
290861.493,4230389.914,36.165,18513,156483.603129,1,-12
290861.499,4230390.268,36.160,15073,156483.603131,1,-12
290861.506,4230390.680,36.159,17694,156483.603134,1,-12
290861.510,4230391.028,36.138,21626,156483.603136,1,-12
290861.515,4230391.396,36.122,17940,156483.603139,1,-12
290861.521,4230391.756,36.131,14335,156483.603141,1,-12
290861.529,4230392.167,36.145,16137,156483.603144,1,-12
290861.533,4230392.545,36.116,16629,156483.603147,1,-12
290861.539,4230392.917,36.108,22445,156483.603149,1,-12
290861.543,4230393.299,36.075,22691,156483.603152,1,-12
290861.549,4230393.667,36.062,28098,156483.603154,1,-12
290861.554,4230394.018,36.043,21790,156483.603157,1,-12
290861.998,4230390.199,36.132,13926,156483.596514,1,-12
290862.003,4230390.559,36.135,14090,156483.596517,1,-12
