290819.960,4230400.123,39.180,19332,156484.271197,1,-11
290819.969,4230400.475,39.140,21462,156484.271199,1,-11
290819.576,4230400.246,39.465,17694,156484.278041,1,-11
290819.584,4230400.577,39.440,20070,156484.278043,1,-11
290819.593,4230400.927,39.410,20070,156484.278046,1,-11
290819.601,4230401.295,39.369,20070,156484.278049,1,-11
290819.610,4230401.671,39.330,18595,156484.278051,1,-11
290819.618,4230402.007,39.306,18595,156484.278054,1,-11
290819.627,4230402.385,39.264,17448,156484.278057,1,-11
290819.634,4230402.717,39.224,19824,156484.278059,1,-11
290819.643,4230403.070,39.210,18841,156484.278062,1,-11
290819.652,4230403.410,39.193,20561,156484.278064,1,-11
290819.660,4230403.786,39.154,20561,156484.278067,1,-11
290819.173,4230403.078,39.564,22363,156484.284906,1,-11
290819.182,4230403.460,39.525,18595,156484.284908,1,-11
290819.190,4230403.826,39.499,18841,156484.284911,1,-11
290819.199,4230404.171,39.473,23838,156484.284914,1,-11
290819.207,4230404.536,39.431,20070,156484.284916,1,-11
290819.216,4230404.889,39.405,23264,156484.284919,1,-11
290819.224,4230405.217,39.377,17858,156484.284921,1,-11
290818.821,4230390.059,39.541,22036,156484.284813,1,-12
290818.828,4230390.387,39.497,20561,156484.284815,1,-12
290818.837,4230390.776,39.469,17858,156484.284818,1,-12
290818.846,4230391.140,39.433,20561,156484.284821,1,-12
290818.855,4230391.492,39.409,17448,156484.284823,1,-12
290818.864,4230391.859,39.391,20315,156484.284826,1,-12
290818.872,4230392.201,39.345,21462,156484.284828,1,-12
290818.881,4230392.555,39.332,18104,156484.284831,1,-12
290818.889,4230392.892,39.305,17039,156484.284833,1,-12
290818.898,4230393.274,39.263,21135,156484.284836,1,-12
290818.907,4230393.635,39.236,16629,156484.284839,1,-12
290819.098,4230399.921,39.865,20070,156484.284883,1,-11
290819.106,4230400.262,39.841,22036,156484.284885,1,-11
290819.114,4230400.611,39.799,20070,156484.284888,1,-11
290819.123,4230400.968,39.766,17039,156484.284890,1,-11
290819.131,4230401.348,39.721,20070,156484.284893,1,-11
290819.140,4230401.686,39.702,20070,156484.284896,1,-11
290819.148,4230402.059,39.659,18595,156484.284898,1,-11
290819.156,4230402.396,39.619,18349,156484.284901,1,-11
290819.165,4230402.748,39.591,19332,156484.284903,1,-11
290818.441,4230390.075,39.837,18104,156484.291657,1,-12
290818.449,4230390.451,39.770,17858,156484.291660,1,-12
290818.459,4230390.818,39.757,17448,156484.291662,1,-12
290818.467,4230391.168,39.713,22773,156484.291665,1,-12
290818.476,4230391.534,39.693,18595,156484.291668,1,-12
290818.484,4230391.887,39.659,20070,156484.291670,1,-12
290818.493,4230392.225,39.637,19824,156484.291673,1,-12
290818.501,4230392.577,39.610,17448,156484.291675,1,-12
290818.510,4230392.941,39.577,20070,156484.291678,1,-12
290818.519,4230393.324,39.546,19578,156484.291680,1,-12
290818.527,4230393.659,39.507,19332,156484.291683,1,-12
290818.536,4230394.035,39.480,18349,156484.291686,1,-12
290818.544,4230394.377,39.442,17858,156484.291688,1,-12
290818.560,4230394.766,39.591,16629,156484.291691,1,-12
290818.573,4230395.123,39.691,20315,156484.291693,1,-12
290818.571,4230395.453,39.385,21135,156484.291696,1,-12
290818.579,4230395.814,39.343,17448,156484.291699,1,-12
290818.587,4230396.157,39.306,19824,156484.291701,1,-12
290818.406,4230402.451,40.184,20561,156484.298589,1,-11
290818.414,4230402.810,40.134,18595,156484.298592,1,-11
290818.423,4230403.185,40.103,19087,156484.298594,1,-11
290818.431,4230403.521,40.072,19332,156484.298597,1,-11
290818.439,4230403.896,40.025,17694,156484.298600,1,-11
290818.447,4230404.229,39.999,21462,156484.298602,1,-11
290818.457,4230404.585,39.987,20070,156484.298605,1,-11
290818.465,4230404.922,39.968,20070,156484.298607,1,-11
290818.596,4230396.526,39.273,19087,156484.291704,1,-12
290818.605,4230396.882,39.246,18595,156484.291706,1,-12
290818.613,4230397.214,39.234,22363,156484.291709,1,-12
290818.622,4230397.572,39.192,19824,156484.291711,1,-12
290818.640,4230398.309,39.143,19332,156484.291717,1,-12
290818.648,4230398.650,39.108,23838,156484.291719,1,-12
290818.658,4230399.035,39.090,21135,156484.291722,1,-12
290818.719,4230399.944,40.154,17858,156484.291727,1,-11
290818.727,4230400.283,40.120,20315,156484.291729,1,-11
290818.736,4230400.655,40.085,18104,156484.291732,1,-11
290818.744,4230401.020,40.044,18349,156484.291735,1,-11
290818.753,4230401.374,40.023,18841,156484.291737,1,-11
290818.762,4230401.731,39.990,22773,156484.291740,1,-11
290818.770,4230402.082,39.946,19087,156484.291742,1,-11
290818.777,4230402.415,39.899,17202,156484.291745,1,-11
290818.785,4230402.761,39.863,22363,156484.291747,1,-11
290818.794,4230403.129,39.844,22036,156484.291750,1,-11
290818.803,4230403.507,39.800,18104,156484.291753,1,-11
290818.811,4230403.838,39.784,20561,156484.291755,1,-11
290818.821,4230404.220,39.752,17448,156484.291758,1,-11
290818.829,4230404.555,39.720,21135,156484.291761,1,-11
290818.837,4230404.901,39.697,21462,156484.291763,1,-11
290818.846,4230405.241,39.680,17694,156484.291766,1,-11
290818.069,4230390.132,40.080,19578,156484.298501,1,-12
290818.078,4230390.506,40.043,21135,156484.298504,1,-12
290818.085,4230390.846,40.001,17448,156484.298507,1,-12
290818.095,4230391.229,39.975,19824,156484.298509,1,-12
290818.103,4230391.560,39.950,18841,156484.298512,1,-12
290818.111,4230391.917,39.911,17039,156484.298514,1,-12
290818.119,4230392.254,39.885,20070,156484.298517,1,-12
290818.129,4230392.632,39.868,19332,156484.298519,1,-12
290818.138,4230393.004,39.844,18841,156484.298522,1,-12
290818.147,4230393.360,39.827,22036,156484.298525,1,-12
290818.155,4230393.712,39.773,18349,156484.298527,1,-12
290818.164,4230394.072,39.745,18595,156484.298530,1,-12
290818.171,4230394.404,39.694,17448,156484.298532,1,-12
290818.181,4230394.757,39.695,19332,156484.298535,1,-12
290818.191,4230395.135,39.703,18841,156484.298538,1,-12
290818.199,4230395.508,39.632,20889,156484.298540,1,-12
290818.207,4230395.836,39.603,18595,156484.298543,1,-12
290818.216,4230396.223,39.579,19332,156484.298545,1,-12
290818.224,4230396.559,39.541,19578,156484.298548,1,-12
290818.232,4230396.891,39.501,19824,156484.298550,1,-12
290818.241,4230397.251,39.486,18841,156484.298553,1,-12
290818.250,4230397.617,39.461,19824,156484.298556,1,-12
290818.259,4230397.996,39.436,17858,156484.298558,1,-12
290818.267,4230398.331,39.399,20315,156484.298561,1,-12
290818.285,4230399.047,39.352,18841,156484.298566,1,-12
290818.339,4230399.632,40.461,18104,156484.298568,1,-12
290818.347,4230399.971,40.442,16219,156484.298571,1,-12
290818.356,4230400.341,40.389,17448,156484.298574,1,-11
290818.365,4230400.707,40.366,19578,156484.298576,1,-11
290818.373,4230401.060,40.330,18595,156484.298579,1,-11
290818.381,4230401.417,40.290,18595,156484.298582,1,-11
290818.389,4230401.766,40.245,18841,156484.298584,1,-11
290818.397,4230402.101,40.209,19087,156484.298587,1,-11
290817.689,4230390.243,40.363,16629,156484.305346,1,-12
290817.698,4230390.581,40.343,19087,156484.305348,1,-12
290817.706,4230390.958,40.284,18595,156484.305351,1,-12
290817.714,4230391.295,40.258,17448,156484.305353,1,-12
290817.723,4230391.648,40.239,17448,156484.305356,1,-12
290817.732,4230391.987,40.214,16629,156484.305358,1,-12
290817.741,4230392.367,40.183,19087,156484.305361,1,-12
290817.749,4230392.727,40.138,17858,156484.305364,1,-12
290817.758,4230393.084,40.118,18349,156484.305366,1,-12
290817.767,4230393.450,40.105,18595,156484.305369,1,-12
290817.776,4230393.801,40.076,19824,156484.305371,1,-12
290817.784,4230394.138,40.037,17858,156484.305374,1,-12
290817.792,4230394.487,39.999,18595,156484.305376,1,-12
290817.801,4230394.850,39.971,19578,156484.305379,1,-12
290817.810,4230395.234,39.938,20889,156484.305382,1,-12
290817.818,4230395.571,39.920,20315,156484.305384,1,-12
290817.828,4230395.949,39.888,20315,156484.305387,1,-12
290817.836,4230396.290,39.860,16629,156484.305390,1,-12
290817.845,4230396.639,39.838,17858,156484.305392,1,-12
290817.852,4230396.969,39.797,18595,156484.305395,1,-12
290817.862,4230397.357,39.778,18595,156484.305397,1,-12
290817.871,4230397.719,39.749,17039,156484.305400,1,-12
290817.880,4230398.072,39.727,17858,156484.305402,1,-12
290817.897,4230398.788,39.662,20561,156484.305408,1,-12
290817.959,4230399.709,40.754,19332,156484.305413,1,-12
290817.968,4230400.070,40.721,18349,156484.305415,1,-11
290817.977,4230400.445,40.696,18349,156484.305418,1,-11
290817.985,4230400.784,40.661,19578,156484.305421,1,-11
290817.994,4230401.157,40.616,19332,156484.305423,1,-11
290818.002,4230401.492,40.582,19332,156484.305426,1,-11
290818.010,4230401.841,40.536,18595,156484.305428,1,-11
290818.018,4230402.176,40.517,18595,156484.305431,1,-11
290818.027,4230402.555,40.483,19578,156484.305433,1,-11
290818.035,4230402.914,40.432,19087,156484.305436,1,-11
290818.044,4230403.266,40.407,19578,156484.305439,1,-11
290818.052,4230403.625,40.373,20561,156484.305441,1,-11
290818.060,4230403.974,40.329,19087,156484.305444,1,-11
290818.068,4230404.306,40.293,20315,156484.305446,1,-11
290818.077,4230404.659,40.283,20889,156484.305449,1,-11
290818.087,4230405.025,40.268,19332,156484.305452,1,-11
290817.200,4230389.916,40.774,17039,156484.312187,1,-12
290817.207,4230390.268,40.708,18104,156484.312190,1,-12
290817.216,4230390.632,40.682,19332,156484.312193,1,-12
290817.225,4230390.978,40.651,20561,156484.312195,1,-12
290817.232,4230391.317,40.602,17694,156484.312198,1,-12
290817.241,4230391.672,40.584,18104,156484.312200,1,-12
290817.251,4230392.039,40.578,18104,156484.312203,1,-12
290817.260,4230392.416,40.532,15810,156484.312205,1,-12
290817.267,4230392.754,40.497,19332,156484.312208,1,-12
290817.278,4230393.136,40.487,17039,156484.312211,1,-12
290817.286,4230393.473,40.458,19578,156484.312213,1,-12
290817.294,4230393.826,40.421,17039,156484.312216,1,-12
290817.302,4230394.157,40.388,17694,156484.312218,1,-12
290817.311,4230394.540,40.361,19578,156484.312221,1,-12
290817.321,4230394.907,40.338,15810,156484.312224,1,-12
290817.329,4230395.256,40.297,20070,156484.312226,1,-12
290817.338,4230395.620,40.272,21462,156484.312229,1,-12
290817.346,4230395.968,40.237,18841,156484.312231,1,-12
290817.354,4230396.304,40.206,18349,156484.312234,1,-12
290817.139,4230401.503,41.247,18104,156484.319114,1,-11
290817.147,4230401.862,41.212,21135,156484.319117,1,-11
290817.156,4230402.234,41.173,20561,156484.319120,1,-11
290817.164,4230402.573,41.139,20889,156484.319122,1,-11
290817.173,4230402.951,41.105,20561,156484.319125,1,-11
290817.181,4230403.277,41.067,18841,156484.319127,1,-11
290817.188,4230403.630,41.015,19824,156484.319130,1,-11
290817.197,4230403.962,40.985,18104,156484.319132,1,-11
290817.206,4230404.335,40.964,22773,156484.319135,1,-11
290817.215,4230404.700,40.931,21135,156484.319138,1,-11
290817.223,4230405.053,40.907,19578,156484.319140,1,-11
290817.363,4230396.661,40.192,17202,156484.312236,1,-12
290817.372,4230397.021,40.171,17694,156484.312239,1,-12
290817.381,4230397.404,40.133,17694,156484.312242,1,-12
290817.390,4230397.742,40.116,19332,156484.312244,1,-12
290817.399,4230398.118,40.075,19824,156484.312247,1,-12
290817.407,4230398.455,40.053,18841,156484.312249,1,-12
290817.416,4230398.809,40.025,18349,156484.312252,1,-12
290817.480,4230399.759,41.133,19087,156484.312257,1,-12
290817.488,4230400.119,41.084,17448,156484.312260,1,-12
290817.497,4230400.467,41.059,16383,156484.312262,1,-11
290817.505,4230400.826,41.007,20070,156484.312265,1,-11
290817.513,4230401.178,40.969,20315,156484.312267,1,-11
290817.521,4230401.511,40.952,20561,156484.312270,1,-11
290817.530,4230401.863,40.917,19824,156484.312272,1,-11
290817.538,4230402.223,40.871,18841,156484.312275,1,-11
290817.547,4230402.593,40.829,19578,156484.312278,1,-11
290817.554,4230402.930,40.796,17694,156484.312280,1,-11
290817.563,4230403.309,40.756,21462,156484.312283,1,-11
290817.572,4230403.638,40.736,18841,156484.312286,1,-11
290817.580,4230403.991,40.692,18349,156484.312288,1,-11
290817.588,4230404.325,40.665,20315,156484.312291,1,-11
290817.596,4230404.695,40.619,19824,156484.312293,1,-11
290817.607,4230405.070,40.628,18349,156484.312296,1,-11
290816.816,4230389.909,41.046,19824,156484.319032,1,-12
290816.824,4230390.273,41.014,18841,156484.319034,1,-12
290816.833,4230390.622,40.984,18349,156484.319037,1,-12
290816.841,4230390.962,40.962,19332,156484.319039,1,-12
290816.850,4230391.313,40.919,17448,156484.319042,1,-12
290816.859,4230391.676,40.897,19578,156484.319044,1,-12
290816.868,4230392.057,40.862,17694,156484.319047,1,-12
290816.876,4230392.396,40.838,18595,156484.319050,1,-12
290816.885,4230392.776,40.803,17858,156484.319052,1,-12
290816.894,4230393.112,40.781,17039,156484.319055,1,-12
290816.902,4230393.464,40.747,20070,156484.319057,1,-12
290816.910,4230393.797,40.707,17448,156484.319060,1,-12
290816.920,4230394.176,40.681,17858,156484.319063,1,-12
290816.929,4230394.541,40.656,16793,156484.319065,1,-12
290816.937,4230394.895,40.620,16793,156484.319068,1,-12
290816.946,4230395.256,40.592,15646,156484.319070,1,-12
290816.955,4230395.610,40.572,17694,156484.319073,1,-12
290816.963,4230395.947,40.544,17694,156484.319075,1,-12
290816.972,4230396.300,40.515,22363,156484.319078,1,-12
290816.981,4230396.661,40.489,18104,156484.319081,1,-12
290816.990,4230397.041,40.447,21462,156484.319083,1,-12
290816.998,4230397.378,40.430,22036,156484.319086,1,-12
290817.008,4230397.755,40.421,17858,156484.319089,1,-12
290817.016,4230398.096,40.388,18595,156484.319091,1,-12
290817.025,4230398.449,40.362,20070,156484.319094,1,-12
290817.032,4230398.772,40.310,17448,156484.319096,1,-12
290817.089,4230399.403,41.480,15073,156484.319099,1,-12
290817.097,4230399.762,41.420,22363,156484.319101,1,-12
290817.105,4230400.104,41.392,18104,156484.319104,1,-12
290817.114,4230400.472,41.362,21462,156484.319107,1,-11
290817.123,4230400.823,41.324,20561,156484.319109,1,-11
290817.130,4230401.148,41.291,21462,156484.319112,1,-11
290816.727,4230399.452,41.737,18595,156484.325943,1,-12
290816.734,4230399.779,41.704,18349,156484.325946,1,-12
290816.743,4230400.159,41.654,19824,156484.325948,1,-12
290816.751,4230400.493,41.619,21708,156484.325951,1,-11
290816.759,4230400.832,41.578,17694,156484.325953,1,-11
290816.767,4230401.170,41.538,21462,156484.325956,1,-11
290816.776,4230401.551,41.519,19578,156484.325959,1,-11
290816.785,4230401.905,41.477,20889,156484.325961,1,-11
290816.793,4230402.260,41.442,16629,156484.325964,1,-11
290816.802,4230402.621,41.402,19824,156484.325966,1,-11
290816.809,4230402.964,41.362,17039,156484.325969,1,-11
290816.818,4230403.302,41.332,20561,156484.325971,1,-11
290816.825,4230403.647,41.270,18841,156484.325974,1,-11
290816.834,4230404.000,41.244,20315,156484.325977,1,-11
290816.843,4230404.372,41.215,18595,156484.325979,1,-11
290816.852,4230404.726,41.193,18104,156484.325982,1,-11
290816.861,4230405.084,41.173,19087,156484.325985,1,-11
290816.453,4230389.964,41.312,18595,156484.325876,1,-12
290816.462,4230390.298,41.288,19824,156484.325878,1,-12
290816.470,4230390.647,41.243,18595,156484.325881,1,-12
290816.478,4230390.985,41.210,17202,156484.325883,1,-12
290816.487,4230391.364,41.179,17202,156484.325886,1,-12
290816.496,4230391.729,41.155,17039,156484.325889,1,-12
290816.505,4230392.078,41.128,19578,156484.325891,1,-12
290816.513,4230392.443,41.087,17694,156484.325894,1,-12
290816.522,4230392.797,41.069,17448,156484.325897,1,-12
290816.530,4230393.130,41.032,16793,156484.325899,1,-12
290816.539,4230393.485,41.005,18595,156484.325902,1,-12
290816.548,4230393.848,40.979,20561,156484.325904,1,-12
290816.557,4230394.220,40.932,17694,156484.325907,1,-12
290816.565,4230394.560,40.900,17202,156484.325909,1,-12
290816.575,4230394.945,40.886,19332,156484.325912,1,-12
290816.582,4230395.269,40.840,18841,156484.325915,1,-12
290816.591,4230395.630,40.827,17858,156484.325917,1,-12
290816.599,4230395.964,40.788,19824,156484.325920,1,-12
290816.609,4230396.343,40.774,19087,156484.325922,1,-12
290816.618,4230396.709,40.736,20315,156484.325925,1,-12
290816.627,4230397.063,40.711,18104,156484.325928,1,-12
290816.636,4230397.420,40.694,17448,156484.325930,1,-12
290816.645,4230397.778,40.666,19332,156484.325933,1,-12
290816.653,4230398.116,40.655,18595,156484.325935,1,-12
290816.662,4230398.463,40.617,19824,156484.325938,1,-12
290816.670,4230398.829,40.585,18841,156484.325940,1,-12
290816.137,4230393.265,41.338,19332,156484.332743,1,-12
290816.146,4230393.626,41.313,19087,156484.332746,1,-12
290816.155,4230394.004,41.277,19578,156484.332749,1,-12
290816.163,4230394.338,41.248,18349,156484.332751,1,-12
290816.172,4230394.717,41.200,17858,156484.332754,1,-12
290816.181,4230395.056,41.187,17202,156484.332756,1,-12
290816.189,4230395.405,41.159,17694,156484.332759,1,-12
290816.198,4230395.742,41.125,17694,156484.332761,1,-12
290816.207,4230396.121,41.102,21462,156484.332764,1,-12
290816.216,4230396.482,41.078,19578,156484.332767,1,-12
290816.225,4230396.838,41.045,16383,156484.332769,1,-12
290816.233,4230397.200,41.011,16629,156484.332772,1,-12
290816.242,4230397.549,40.988,18595,156484.332774,1,-12
290816.251,4230397.890,40.968,17694,156484.332777,1,-12
290816.259,4230398.239,40.930,16056,156484.332779,1,-12
290816.269,4230398.602,40.912,19824,156484.332782,1,-12
290816.333,4230399.562,42.049,21135,156484.332787,1,-12
290816.342,4230399.934,42.008,19578,156484.332790,1,-12
290816.349,4230400.266,41.952,17858,156484.332793,1,-12
290816.358,4230400.616,41.918,17448,156484.332795,1,-11
290816.365,4230400.944,41.872,19578,156484.332798,1,-11
290816.374,4230401.324,41.838,20561,156484.332800,1,-11
290816.383,4230401.683,41.799,19824,156484.332803,1,-11
290816.391,4230402.030,41.767,19332,156484.332805,1,-11
290816.400,4230402.393,41.730,20315,156484.332808,1,-11
290816.408,4230402.740,41.696,18595,156484.332811,1,-11
290816.416,4230403.070,41.662,20889,156484.332813,1,-11
290816.424,4230403.423,41.618,19578,156484.332816,1,-11
290816.432,4230403.778,41.569,17858,156484.332818,1,-11
290816.442,4230404.153,41.542,21708,156484.332821,1,-11
290816.450,4230404.493,41.513,17694,156484.332824,1,-11
290816.459,4230404.866,41.484,19824,156484.332826,1,-11
290815.568,4230390.000,41.439,16383,156484.339564,1,-12
290815.579,4230390.359,41.472,20889,156484.339567,1,-12
290815.590,4230390.741,41.499,18349,156484.339569,1,-12
290815.602,4230391.135,41.529,16793,156484.339572,1,-12
290815.612,4230391.479,41.553,18104,156484.339575,1,-12
290815.625,4230391.883,41.607,18595,156484.339577,1,-12
290815.635,4230392.230,41.633,19824,156484.339580,1,-12
290815.646,4230392.589,41.663,19578,156484.339582,1,-12
290815.657,4230392.942,41.694,19332,156484.339585,1,-12
290815.667,4230393.326,41.679,17448,156484.339588,1,-12
290816.059,4230390.077,41.606,19578,156484.332720,1,-12
290816.068,4230390.429,41.582,22036,156484.332723,1,-12
290816.076,4230390.764,41.538,17448,156484.332725,1,-12
290816.085,4230391.144,41.500,17694,156484.332728,1,-12
290816.094,4230391.506,41.487,19824,156484.332731,1,-12
290816.102,4230391.859,41.448,17694,156484.332733,1,-12
290816.112,4230392.222,41.438,16219,156484.332736,1,-12
290816.120,4230392.574,41.392,17039,156484.332738,1,-12
290816.128,4230392.911,41.363,21708,156484.332741,1,-12
290815.676,4230393.683,41.647,17039,156484.339590,1,-12
290815.685,4230394.043,41.636,19332,156484.339593,1,-12
290815.694,4230394.406,41.603,20070,156484.339595,1,-12
290815.703,4230394.753,41.577,15646,156484.339598,1,-12
290815.711,4230395.093,41.548,16383,156484.339600,1,-12
290815.720,4230395.437,41.529,17694,156484.339603,1,-12
290815.729,4230395.809,41.492,17694,156484.339606,1,-12
290815.738,4230396.177,41.465,18595,156484.339608,1,-12
290815.746,4230396.526,41.419,19087,156484.339611,1,-12
290815.755,4230396.886,41.397,17694,156484.339614,1,-12
290815.764,4230397.239,41.368,17858,156484.339616,1,-12
290815.772,4230397.576,41.344,17858,156484.339619,1,-12
290815.781,4230397.924,41.304,19087,156484.339621,1,-12
290815.790,4230398.290,41.286,19578,156484.339624,1,-12
290815.799,4230398.669,41.242,19332,156484.339626,1,-12
290815.807,4230399.001,41.225,19087,156484.339629,1,-12
290815.840,4230399.499,41.776,15482,156484.339632,1,-12
290815.851,4230399.851,41.819,16383,156484.339634,1,-12
290815.861,4230400.209,41.848,17694,156484.339637,1,-12
290815.872,4230400.557,41.885,17039,156484.339639,1,-11
290815.884,4230400.952,41.913,16793,156484.339642,1,-11
290815.896,4230401.324,41.955,16629,156484.339645,1,-11
290815.907,4230401.690,41.995,16793,156484.339647,1,-11
290815.918,4230402.059,42.020,15318,156484.339650,1,-11
290815.929,4230402.421,42.043,19087,156484.339652,1,-11
290815.938,4230402.759,42.041,20561,156484.339655,1,-11
290815.946,4230403.107,42.005,17694,156484.339657,1,-11
290815.955,4230403.469,41.968,19824,156484.339660,1,-11
290815.965,4230403.849,41.950,22363,156484.339663,1,-11
290815.972,4230404.177,41.907,19578,156484.339665,1,-11
290815.982,4230404.555,41.876,17202,156484.339668,1,-11
290815.990,4230404.890,41.849,19332,156484.339670,1,-11
290815.158,4230389.902,41.137,19578,156484.346408,1,-12
290815.170,4230390.282,41.166,20070,156484.346411,1,-12
290815.181,4230390.677,41.192,17694,156484.346414,1,-12
290815.192,4230391.021,41.226,21462,156484.346416,1,-12
290815.204,4230391.420,41.259,21462,156484.346419,1,-12
290815.215,4230391.771,41.291,19578,156484.346422,1,-12
290815.226,4230392.131,41.323,18595,156484.346424,1,-12
290815.236,4230392.480,41.331,17858,156484.346427,1,-12
290815.249,4230392.883,41.396,18104,156484.346429,1,-12
290815.260,4230393.254,41.427,17858,156484.346432,1,-12
290815.271,4230393.619,41.447,18841,156484.346434,1,-12
290815.282,4230393.994,41.463,17202,156484.346437,1,-12
290815.293,4230394.356,41.503,20315,156484.346440,1,-12
290815.578,4230404.189,41.957,19087,156484.346510,1,-11
290815.589,4230404.551,41.998,21462,156484.346512,1,-11
290815.600,4230404.887,42.027,19578,156484.346515,1,-11
290815.304,4230394.707,41.538,17202,156484.346442,1,-12
290815.315,4230395.076,41.576,16056,156484.346445,1,-12
290815.326,4230395.447,41.608,16793,156484.346447,1,-12
290815.338,4230395.840,41.638,20070,156484.346450,1,-12
290815.348,4230396.188,41.652,17858,156484.346453,1,-12
290815.363,4230396.591,41.751,32603,156484.346455,1,-12
290815.370,4230396.925,41.714,39239,156484.346458,1,-12
290815.379,4230397.277,41.673,16629,156484.346460,1,-12
290815.387,4230397.607,41.634,16056,156484.346463,1,-12
290815.395,4230397.981,41.585,20315,156484.346465,1,-12
290815.404,4230398.345,41.558,19824,156484.346468,1,-12
290815.413,4230398.695,41.527,18349,156484.346471,1,-12
290815.423,4230399.061,41.517,18104,156484.346473,1,-12
290815.432,4230399.420,41.524,35634,156484.346476,1,-12
290815.443,4230399.762,41.537,19578,156484.346478,1,-12
290815.452,4230400.120,41.546,18104,156484.346481,1,-12
290815.465,4230400.495,41.606,18104,156484.346484,1,-11
290815.476,4230400.889,41.621,18349,156484.346486,1,-11
290815.487,4230401.236,41.658,19824,156484.346489,1,-11
290815.498,4230401.622,41.684,16383,156484.346491,1,-11
290815.509,4230401.974,41.725,16219,156484.346494,1,-11
290815.521,4230402.338,41.765,19824,156484.346496,1,-11
290815.532,4230402.680,41.815,17039,156484.346499,1,-11
290815.543,4230403.073,41.834,20070,156484.346502,1,-11
290815.555,4230403.450,41.877,19332,156484.346504,1,-11
290815.566,4230403.806,41.909,19578,156484.346507,1,-11
290814.765,4230389.846,40.834,20070,156484.353253,1,-12
290814.777,4230390.228,40.875,18595,156484.353256,1,-12
290814.788,4230390.588,40.898,21135,156484.353258,1,-12
290814.799,4230390.967,40.927,16793,156484.353261,1,-12
290814.811,4230391.338,40.968,21135,156484.353263,1,-12
290814.821,4230391.685,41.003,17039,156484.353266,1,-12
290814.832,4230392.051,41.033,17694,156484.353268,1,-12
290814.844,4230392.434,41.075,16219,156484.353271,1,-12
290814.856,4230392.823,41.098,15073,156484.353274,1,-12
290814.866,4230393.171,41.132,17448,156484.353276,1,-12
290814.877,4230393.559,41.143,15646,156484.353279,1,-12
290814.889,4230393.913,41.195,17694,156484.353281,1,-12
290814.900,4230394.277,41.225,19087,156484.353284,1,-12
290814.910,4230394.627,41.249,18595,156484.353286,1,-12
290814.922,4230395.014,41.272,19824,156484.353289,1,-12
290814.934,4230395.392,41.315,18841,156484.353292,1,-12
290814.945,4230395.755,41.346,18349,156484.353294,1,-12
290814.956,4230396.131,41.368,20315,156484.353297,1,-12
290815.024,4230396.800,42.859,3030,156484.353299,1,-12
290815.017,4230397.054,42.453,17694,156484.353302,1,-12
290814.989,4230397.207,41.471,17858,156484.353304,1,-12
290815.000,4230397.584,41.508,17202,156484.353307,1,-12
290815.012,4230397.970,41.536,20561,156484.353310,1,-12
290815.022,4230398.321,41.563,21135,156484.353312,1,-12
290815.035,4230398.716,41.609,19332,156484.353315,1,-12
290815.046,4230399.063,41.661,18104,156484.353318,1,-12
290815.057,4230399.426,41.674,20889,156484.353320,1,-12
290815.049,4230399.681,41.251,15810,156484.353323,1,-12
290815.062,4230400.072,41.309,18595,156484.353325,1,-12
290815.073,4230400.447,41.322,17858,156484.353328,1,-11
290815.084,4230400.810,41.350,20070,156484.353330,1,-11
290815.095,4230401.181,41.390,19824,156484.353333,1,-11
290815.106,4230401.545,41.413,20889,156484.353336,1,-11
290815.116,4230401.892,41.431,18595,156484.353338,1,-11
290815.127,4230402.249,41.461,16383,156484.353341,1,-11
290815.139,4230402.630,41.510,19824,156484.353343,1,-11
290815.151,4230403.021,41.539,19824,156484.353346,1,-11
290815.161,4230403.361,41.577,19332,156484.353349,1,-11
290815.174,4230403.758,41.624,17448,156484.353351,1,-11
290815.184,4230404.105,41.646,21135,156484.353354,1,-11
290815.195,4230404.460,41.683,18104,156484.353356,1,-11
290815.206,4230404.811,41.723,19824,156484.353359,1,-11
290814.363,4230389.872,40.527,19087,156484.360097,1,-12
290814.373,4230390.235,40.547,21462,156484.360100,1,-12
290814.386,4230390.615,40.596,18349,156484.360102,1,-12
290814.396,4230390.978,40.600,17448,156484.360105,1,-12
290814.406,4230391.324,40.632,18349,156484.360107,1,-12
290814.418,4230391.691,40.668,17448,156484.360110,1,-12
290814.430,4230392.074,40.712,17202,156484.360113,1,-12
290814.442,4230392.472,40.758,17858,156484.360115,1,-12
290814.452,4230392.815,40.779,20070,156484.360118,1,-12
290814.465,4230393.212,40.815,17858,156484.360121,1,-12
290814.475,4230393.561,40.841,18349,156484.360123,1,-12
290814.487,4230393.927,40.890,17202,156484.360126,1,-12
290814.497,4230394.275,40.912,20315,156484.360128,1,-12
290814.508,4230394.664,40.921,17202,156484.360131,1,-12
290814.520,4230395.038,40.956,16056,156484.360133,1,-12
290814.531,4230395.406,40.995,16056,156484.360136,1,-12
290814.542,4230395.778,41.032,18349,156484.360139,1,-12
290814.554,4230396.146,41.063,19578,156484.360141,1,-12
290814.564,4230396.495,41.089,19087,156484.360144,1,-12
290814.575,4230396.852,41.114,18595,156484.360146,1,-12
290814.587,4230397.235,41.160,18841,156484.360149,1,-12
290814.598,4230397.623,41.179,17694,156484.360152,1,-12
290814.609,4230397.968,41.215,17202,156484.360154,1,-12
290814.621,4230398.366,41.254,18349,156484.360157,1,-12
290814.632,4230398.710,41.282,19332,156484.360159,1,-12
290814.643,4230399.073,41.324,19824,156484.360162,1,-12
290814.654,4230399.424,41.353,17694,156484.360164,1,-12
290814.648,4230399.725,40.944,19332,156484.360167,1,-12
290814.660,4230400.097,40.977,20889,156484.360170,1,-12
290814.671,4230400.466,41.010,16629,156484.360172,1,-11
290814.682,4230400.834,41.030,19332,156484.360175,1,-11
290814.693,4230401.195,41.063,20070,156484.360177,1,-11
290814.703,4230401.543,41.092,18841,156484.360180,1,-11
290814.714,4230401.904,41.110,19332,156484.360182,1,-11
290814.726,4230402.281,41.172,19824,156484.360185,1,-11
290814.738,4230402.673,41.196,19087,156484.360188,1,-11
290814.748,4230403.018,41.231,19087,156484.360190,1,-11
290814.760,4230403.406,41.263,17694,156484.360193,1,-11
290814.771,4230403.758,41.306,21462,156484.360195,1,-11
290814.781,4230404.114,41.320,19332,156484.360198,1,-11
290814.793,4230404.461,41.375,22773,156484.360200,1,-11
290814.806,4230404.860,41.422,18841,156484.360203,1,-11
290814.138,4230398.931,40.932,19578,156484.367006,1,-12
290814.151,4230399.319,40.983,20070,156484.367009,1,-12
290814.144,4230399.602,40.544,20561,156484.367011,1,-12
290814.155,4230399.968,40.564,17039,156484.367014,1,-12
290814.166,4230400.336,40.602,18841,156484.367017,1,-11
290814.177,4230400.701,40.626,19087,156484.367019,1,-11
290814.188,4230401.052,40.662,18349,156484.367021,1,-11
290814.198,4230401.404,40.675,18349,156484.367024,1,-11
290814.211,4230401.789,40.733,17694,156484.367027,1,-11
290814.222,4230402.178,40.749,18349,156484.367029,1,-11
290814.233,4230402.526,40.800,21135,156484.367032,1,-11
290814.245,4230402.916,40.832,17039,156484.367035,1,-11
290814.256,4230403.268,40.871,20070,156484.367037,1,-11
290814.267,4230403.625,40.909,17858,156484.367040,1,-11
290814.277,4230403.970,40.931,17858,156484.367042,1,-11
290814.290,4230404.366,40.976,17202,156484.367045,1,-11
290814.302,4230404.738,41.023,18841,156484.367048,1,-11
290813.858,4230389.724,40.136,18104,156484.366941,1,-12
290813.869,4230390.121,40.163,19824,156484.366944,1,-12
290813.880,4230390.468,40.200,17202,156484.366947,1,-12
290813.891,4230390.835,40.226,18349,156484.366949,1,-12
290813.902,4230391.185,40.252,18349,156484.366952,1,-12
290813.913,4230391.576,40.280,17858,156484.366954,1,-12
290813.925,4230391.955,40.313,18104,156484.366957,1,-12
290813.937,4230392.325,40.355,19087,156484.366959,1,-12
290813.949,4230392.699,40.404,18104,156484.366962,1,-12
290813.960,4230393.068,40.425,17694,156484.366965,1,-12
290813.971,4230393.423,40.473,18104,156484.366967,1,-12
290813.981,4230393.774,40.474,17694,156484.366970,1,-12
290813.993,4230394.159,40.519,17448,156484.366972,1,-12
290814.005,4230394.556,40.562,19578,156484.366975,1,-12
290814.015,4230394.898,40.585,16383,156484.366978,1,-12
290814.027,4230395.295,40.610,18595,156484.366980,1,-12
290814.038,4230395.645,40.645,18841,156484.366983,1,-12
290814.049,4230396.001,40.675,17694,156484.366985,1,-12
290814.059,4230396.350,40.690,19332,156484.366988,1,-12
290814.071,4230396.734,40.724,19087,156484.366990,1,-12
290814.082,4230397.119,40.751,19087,156484.366993,1,-12
290814.093,4230397.473,40.781,17039,156484.366996,1,-12
290814.105,4230397.868,40.818,19578,156484.366998,1,-12
290814.115,4230398.206,40.839,18841,156484.367001,1,-12
290814.128,4230398.582,40.899,18841,156484.367003,1,-12
290813.458,4230389.614,39.847,21135,156484.373786,1,-12
290813.468,4230389.962,39.874,18595,156484.373788,1,-12
290813.478,4230390.326,39.884,17858,156484.373791,1,-12
290813.490,4230390.678,39.923,17202,156484.373793,1,-12
290813.502,4230391.068,39.964,18104,156484.373796,1,-12
290813.513,4230391.451,39.983,19087,156484.373799,1,-12
290813.525,4230391.819,40.024,17858,156484.373801,1,-12
290813.536,4230392.192,40.067,19824,156484.373804,1,-12
290813.546,4230392.559,40.066,16056,156484.373806,1,-12
290813.558,4230392.913,40.114,16383,156484.373809,1,-12
290813.568,4230393.269,40.141,16793,156484.373811,1,-12
290813.581,4230393.656,40.185,20070,156484.373814,1,-12
290813.593,4230394.051,40.221,17448,156484.373817,1,-12
290813.603,4230394.392,40.253,20561,156484.373819,1,-12
290813.615,4230394.790,40.272,19087,156484.373822,1,-12
290813.625,4230395.138,40.295,16383,156484.373824,1,-12
290813.636,4230395.497,40.335,20561,156484.373827,1,-12
290813.648,4230395.853,40.372,20070,156484.373829,1,-12
290813.659,4230396.243,40.382,18104,156484.373832,1,-12
290813.670,4230396.609,40.415,17694,156484.373835,1,-12
290813.682,4230396.983,40.466,21462,156484.373837,1,-12
290813.693,4230397.360,40.484,18104,156484.373840,1,-12
290813.704,4230397.715,40.509,17858,156484.373843,1,-12
290813.715,4230398.071,40.561,17858,156484.373845,1,-12
290813.726,4230398.438,40.587,17448,156484.373848,1,-12
290813.738,4230398.810,40.637,17039,156484.373850,1,-12
290813.750,4230399.207,40.670,18349,156484.373853,1,-12
290813.743,4230399.463,40.248,20889,156484.373855,1,-12
290813.754,4230399.842,40.249,17694,156484.373858,1,-12
290813.765,4230400.195,40.283,15482,156484.373861,1,-11
290813.775,4230400.556,40.295,17202,156484.373863,1,-11
290813.787,4230400.904,40.352,18841,156484.373866,1,-11
290813.798,4230401.296,40.376,17039,156484.373868,1,-11
290813.810,4230401.675,40.425,20070,156484.373871,1,-11
290813.821,4230402.031,40.444,17858,156484.373874,1,-11
290813.833,4230402.413,40.495,18841,156484.373876,1,-11
290813.844,4230402.780,40.530,16383,156484.373879,1,-11
290813.855,4230403.119,40.573,20889,156484.373881,1,-11
290813.866,4230403.485,40.598,16629,156484.373884,1,-11
290813.878,4230403.860,40.627,16629,156484.373886,1,-11
290813.890,4230404.253,40.676,20561,156484.373889,1,-11
290813.901,4230404.599,40.715,17694,156484.373892,1,-11
290813.360,4230399.098,40.392,20070,156484.380697,1,-12
290813.355,4230399.395,39.984,19332,156484.380700,1,-12
290813.364,4230399.735,39.970,19824,156484.380702,1,-12
290813.374,4230400.098,39.981,16219,156484.380705,1,-11
290813.385,4230400.444,40.026,21135,156484.380707,1,-11
290813.397,4230400.835,40.050,18595,156484.380710,1,-11
290813.409,4230401.217,40.091,21135,156484.380713,1,-11
290813.420,4230401.573,40.123,18349,156484.380715,1,-11
290813.431,4230401.950,40.153,19332,156484.380718,1,-11
290813.443,4230402.319,40.206,17858,156484.380720,1,-11
290813.453,4230402.661,40.225,17448,156484.380723,1,-11
290813.465,4230403.027,40.272,17202,156484.380725,1,-11
290813.477,4230403.408,40.319,17448,156484.380728,1,-11
290813.488,4230403.793,40.338,18841,156484.380731,1,-11
290813.500,4230404.143,40.386,18104,156484.380733,1,-11
290813.512,4230404.532,40.427,20070,156484.380736,1,-11
290813.523,4230404.884,40.483,19824,156484.380739,1,-11
290813.067,4230389.501,39.562,20070,156484.380630,1,-12
290813.077,4230389.855,39.582,18841,156484.380632,1,-12
290813.089,4230390.223,39.618,16629,156484.380635,1,-12
290813.100,4230390.595,39.650,16793,156484.380638,1,-12
290813.111,4230390.991,39.657,17858,156484.380640,1,-12
290813.123,4230391.345,39.704,18841,156484.380643,1,-12
290813.135,4230391.735,39.736,17694,156484.380646,1,-12
290813.145,4230392.090,39.765,17448,156484.380648,1,-12
290813.157,4230392.450,39.819,19578,156484.380651,1,-12
290813.167,4230392.805,39.830,17202,156484.380653,1,-12
290813.179,4230393.188,39.861,18841,156484.380656,1,-12
290813.191,4230393.585,39.902,17202,156484.380658,1,-12
290813.202,4230393.927,39.930,16219,156484.380661,1,-12
290813.214,4230394.327,39.969,20315,156484.380664,1,-12
290813.224,4230394.675,39.991,18349,156484.380666,1,-12
290813.236,4230395.035,40.025,17039,156484.380669,1,-12
290813.247,4230395.389,40.062,19332,156484.380671,1,-12
290813.258,4230395.781,40.075,19087,156484.380674,1,-12
290813.270,4230396.154,40.127,19824,156484.380677,1,-12
290813.281,4230396.524,40.156,17448,156484.380679,1,-12
290813.292,4230396.897,40.164,17448,156484.380682,1,-12
290813.303,4230397.258,40.202,19087,156484.380684,1,-12
290813.314,4230397.612,40.238,21135,156484.380687,1,-12
290813.325,4230397.976,40.265,19824,156484.380689,1,-12
290813.336,4230398.346,40.308,18104,156484.380692,1,-12
290813.349,4230398.744,40.348,17448,156484.380695,1,-12
290812.664,4230389.477,39.253,18841,156484.387474,1,-12
290812.675,4230389.841,39.278,19087,156484.387477,1,-12
290812.685,4230390.216,39.281,16629,156484.387479,1,-12
290812.697,4230390.607,39.321,18104,156484.387482,1,-12
290812.708,4230390.960,39.353,19087,156484.387485,1,-12
290812.721,4230391.359,39.399,17202,156484.387487,1,-12
290812.732,4230391.707,39.437,17694,156484.387490,1,-12
290812.742,4230392.074,39.454,20070,156484.387492,1,-12
290812.754,4230392.425,39.498,18595,156484.387495,1,-12
290812.765,4230392.815,39.515,16629,156484.387497,1,-12
290812.777,4230393.198,39.556,19578,156484.387500,1,-12
290812.789,4230393.567,39.602,16793,156484.387503,1,-12
290812.800,4230393.943,39.644,17694,156484.387505,1,-12
290812.811,4230394.310,39.659,18841,156484.387508,1,-12
290812.821,4230394.652,39.680,17039,156484.387510,1,-12
290812.832,4230395.014,39.702,18104,156484.387513,1,-12
290812.844,4230395.399,39.748,19087,156484.387516,1,-12
290812.856,4230395.789,39.767,18349,156484.387518,1,-12
290812.866,4230396.133,39.798,18841,156484.387521,1,-12
290812.878,4230396.532,39.828,26050,156484.387523,1,-12
290812.889,4230396.878,39.860,19578,156484.387526,1,-12
290812.900,4230397.240,39.888,20315,156484.387528,1,-12
290812.911,4230397.595,39.927,16793,156484.387531,1,-12
290812.923,4230397.984,39.957,19332,156484.387534,1,-12
290812.935,4230398.358,39.994,16629,156484.387536,1,-12
290812.945,4230398.725,40.021,19332,156484.387539,1,-12
290812.958,4230399.106,40.084,17694,156484.387542,1,-12
290812.951,4230399.370,39.634,16629,156484.387544,1,-12
290812.961,4230399.718,39.648,18841,156484.387547,1,-12
290812.972,4230400.081,39.677,16629,156484.387549,1,-11
290812.983,4230400.451,39.708,17858,156484.387552,1,-11
290812.995,4230400.850,39.742,19332,156484.387554,1,-11
290813.006,4230401.193,39.771,18595,156484.387557,1,-11
290813.017,4230401.580,39.798,17202,156484.387560,1,-11
290813.029,4230401.937,39.841,18595,156484.387562,1,-11
290813.040,4230402.299,39.885,19824,156484.387565,1,-11
290813.051,4230402.643,39.920,19824,156484.387567,1,-11
290813.063,4230403.041,39.954,19087,156484.387570,1,-11
290813.075,4230403.414,39.994,18104,156484.387573,1,-11
290813.086,4230403.781,40.035,19578,156484.387575,1,-11
290813.097,4230404.156,40.062,18595,156484.387578,1,-11
290813.109,4230404.521,40.114,19087,156484.387580,1,-11
290813.121,4230404.872,40.167,16629,156484.387583,1,-11
290812.166,4230389.363,38.887,19578,156484.394318,1,-12
290812.177,4230389.736,38.908,18349,156484.394321,1,-12
290812.189,4230390.134,38.927,15318,156484.394324,1,-12
290812.200,4230390.485,38.958,17448,156484.394326,1,-12
290812.212,4230390.876,38.997,15646,156484.394329,1,-12
290812.223,4230391.229,39.016,16793,156484.394331,1,-12
290812.234,4230391.600,39.062,17694,156484.394334,1,-12
290812.245,4230391.943,39.090,16793,156484.394336,1,-12
290812.257,4230392.341,39.119,19332,156484.394339,1,-12
290812.268,4230392.723,39.151,18595,156484.394342,1,-12
290812.280,4230393.087,39.200,18841,156484.394344,1,-12
290812.291,4230393.463,39.198,5160,156484.394347,1,-12
290812.303,4230393.837,39.265,17694,156484.394350,1,-12
290812.313,4230394.174,39.269,19087,156484.394352,1,-12
290812.324,4230394.546,39.307,17039,156484.394355,1,-12
290812.336,4230394.926,39.349,16629,156484.394357,1,-12
290812.348,4230395.316,39.383,17694,156484.394360,1,-12
290812.359,4230395.666,39.409,17039,156484.394362,1,-12
290812.371,4230396.063,39.444,19578,156484.394365,1,-12
290812.381,4230396.407,39.469,16056,156484.394368,1,-12
290812.392,4230396.770,39.483,18595,156484.394370,1,-12
290812.403,4230397.124,39.524,18595,156484.394373,1,-12
290812.415,4230397.512,39.551,17694,156484.394375,1,-12
290812.426,4230397.889,39.585,18349,156484.394378,1,-12
290812.437,4230398.256,39.607,18595,156484.394381,1,-12
290812.449,4230398.629,39.654,19332,156484.394383,1,-12
290812.461,4230399.000,39.715,20889,156484.394386,1,-12
290812.458,4230399.276,39.371,14417,156484.394388,1,-12
290812.463,4230399.608,39.258,18841,156484.394391,1,-12
290812.475,4230399.983,39.286,19087,156484.394393,1,-11
290812.487,4230400.375,39.322,20315,156484.394396,1,-11
290812.498,4230400.724,39.359,18104,156484.394399,1,-11
290812.510,4230401.121,39.414,20889,156484.394401,1,-11
290812.521,4230401.466,39.439,19824,156484.394404,1,-11
290812.532,4230401.830,39.462,16383,156484.394406,1,-11
290812.543,4230402.179,39.503,21135,156484.394409,1,-11
290812.555,4230402.572,39.554,19578,156484.394412,1,-11
290812.567,4230402.950,39.599,19578,156484.394414,1,-11
290812.578,4230403.312,39.625,21462,156484.394417,1,-11
290812.590,4230403.684,39.654,18841,156484.394419,1,-11
290812.601,4230404.052,39.692,17448,156484.394422,1,-11
290812.613,4230404.403,39.745,18841,156484.394424,1,-11
290812.623,4230404.760,39.766,17202,156484.394427,1,-11
290811.803,4230390.745,38.620,22773,156484.401173,1,-12
290811.814,4230391.101,38.672,17694,156484.401176,1,-12
290811.826,4230391.468,38.726,16793,156484.401178,1,-12
290811.839,4230391.854,38.771,18595,156484.401181,1,-12
290811.852,4230392.255,38.824,16219,156484.401183,1,-12
290811.862,4230392.598,38.851,16383,156484.401186,1,-12
290811.875,4230393.002,38.898,18349,156484.401189,1,-12
290811.885,4230393.351,38.916,20561,156484.401191,1,-12
290811.896,4230393.709,38.945,18349,156484.401194,1,-12
290811.907,4230394.062,38.974,18595,156484.401196,1,-12
290811.919,4230394.458,39.000,15646,156484.401199,1,-12
290811.931,4230394.833,39.052,17039,156484.401202,1,-12
290811.942,4230395.202,39.078,17858,156484.401204,1,-12
290811.954,4230395.582,39.108,21708,156484.401207,1,-12
290812.043,4230398.515,39.339,17448,156484.401227,1,-12
290812.055,4230398.886,39.396,18595,156484.401230,1,-12
290812.065,4230399.229,39.414,17694,156484.401232,1,-12
290812.058,4230399.519,38.943,17858,156484.401235,1,-12
290812.069,4230399.894,38.969,15073,156484.401238,1,-11
290812.081,4230400.261,39.010,20070,156484.401240,1,-11
290812.093,4230400.639,39.055,19824,156484.401243,1,-11
290812.104,4230401.003,39.083,18349,156484.401245,1,-11
290812.114,4230401.346,39.096,17858,156484.401248,1,-11
290812.125,4230401.711,39.138,18595,156484.401250,1,-11
290812.138,4230402.087,39.197,17694,156484.401253,1,-11
290812.150,4230402.484,39.225,17202,156484.401256,1,-11
290812.161,4230402.832,39.269,20889,156484.401258,1,-11
290812.172,4230403.219,39.299,15810,156484.401261,1,-11
290812.184,4230403.576,39.351,19087,156484.401264,1,-11
290812.195,4230403.940,39.382,17202,156484.401266,1,-11
290812.205,4230404.276,39.407,19578,156484.401269,1,-11
290812.219,4230404.680,39.474,18349,156484.401271,1,-11
290811.965,4230395.941,39.144,19332,156484.401209,1,-12
290811.976,4230396.293,39.173,17448,156484.401212,1,-12
290811.986,4230396.658,39.187,19824,156484.401214,1,-12
290811.998,4230397.033,39.218,19332,156484.401217,1,-12
290812.009,4230397.423,39.244,15318,156484.401220,1,-12
290812.020,4230397.777,39.282,18104,156484.401222,1,-12
290812.033,4230398.169,39.322,18104,156484.401225,1,-12
290811.558,4230395.153,38.802,19332,156484.408048,1,-12
290811.569,4230395.502,38.849,18349,156484.408051,1,-12
290811.580,4230395.865,38.863,17858,156484.408053,1,-12
290811.590,4230396.214,38.887,18349,156484.408056,1,-12
290811.603,4230396.608,38.931,18349,156484.408059,1,-12
290811.614,4230396.982,38.950,19087,156484.408061,1,-12
290811.625,4230397.344,38.980,18841,156484.408064,1,-12
290811.636,4230397.721,39.000,20070,156484.408067,1,-12
290811.648,4230398.090,39.047,18841,156484.408069,1,-12
290811.658,4230398.435,39.077,20070,156484.408072,1,-12
290811.669,4230398.801,39.102,18595,156484.408074,1,-12
290811.681,4230399.181,39.149,20561,156484.408077,1,-12
290811.676,4230399.477,38.726,20889,156484.408079,1,-12
290811.686,4230399.825,38.736,18595,156484.408082,1,-11
290811.697,4230400.203,38.747,18104,156484.408085,1,-11
290811.709,4230400.565,38.800,17039,156484.408087,1,-11
290811.719,4230400.916,38.818,16793,156484.408090,1,-11
290811.730,4230401.282,38.857,17858,156484.408092,1,-11
290811.741,4230401.650,38.879,19087,156484.408095,1,-11
290811.754,4230402.049,38.923,21135,156484.408098,1,-11
290811.765,4230402.398,38.959,19824,156484.408100,1,-11
290811.777,4230402.786,39.003,20561,156484.408103,1,-11
290811.788,4230403.137,39.029,18349,156484.408105,1,-11
290811.799,4230403.503,39.066,19578,156484.408108,1,-11
290811.810,4230403.842,39.095,18349,156484.408110,1,-11
290811.822,4230404.241,39.143,21135,156484.408113,1,-11
290811.834,4230404.622,39.190,19578,156484.408116,1,-11
290811.400,4230403.502,38.748,17858,156484.414952,1,-11
290811.411,4230403.867,38.775,16793,156484.414955,1,-11
290811.424,4230404.268,38.829,17858,156484.414957,1,-11
