290819.944,4230400.062,39.206,13516,156484.278200,1,-11
290819.951,4230400.424,39.172,16465,156484.278203,1,-11
290819.569,4230402.471,39.303,14090,156484.284835,1,-11
290819.577,4230402.839,39.269,15400,156484.284838,1,-11
290819.586,4230403.206,39.254,14335,156484.284840,1,-11
290819.594,4230403.581,39.216,15318,156484.284843,1,-11
290819.602,4230403.944,39.187,14827,156484.284845,1,-11
290819.610,4230404.295,39.161,15974,156484.284848,1,-11
290819.522,4230400.281,39.503,14499,156484.284820,1,-11
290819.530,4230400.628,39.480,12533,156484.284822,1,-11
290819.539,4230401.017,39.443,13352,156484.284825,1,-11
290819.546,4230401.370,39.419,11222,156484.284827,1,-11
290819.554,4230401.731,39.393,13107,156484.284830,1,-11
290819.561,4230402.074,39.344,13926,156484.284832,1,-11
290818.888,4230392.449,39.319,14335,156484.291385,1,-12
290818.897,4230392.847,39.290,14090,156484.291387,1,-12
290818.905,4230393.218,39.261,10157,156484.291390,1,-12
290819.088,4230399.724,39.897,14909,156484.291434,1,-12
290819.095,4230400.075,39.861,14253,156484.291436,1,-11
290819.103,4230400.442,39.824,13926,156484.291439,1,-11
290819.112,4230400.809,39.794,16137,156484.291442,1,-11
290819.120,4230401.203,39.745,16137,156484.291444,1,-11
290819.127,4230401.553,39.712,10813,156484.291447,1,-11
290819.135,4230401.938,39.681,14090,156484.291449,1,-11
290819.142,4230402.281,39.638,14335,156484.291452,1,-11
290819.150,4230402.649,39.596,15073,156484.291454,1,-11
290819.159,4230402.995,39.591,12533,156484.291457,1,-11
290819.167,4230403.386,39.554,11878,156484.291460,1,-11
290819.175,4230403.759,39.512,16875,156484.291462,1,-11
290819.183,4230404.125,39.481,15810,156484.291465,1,-11
290819.191,4230404.501,39.455,14253,156484.291468,1,-11
290819.199,4230404.857,39.418,11550,156484.291470,1,-11
290819.207,4230405.214,39.411,12533,156484.291473,1,-11
290818.840,4230390.248,39.512,15974,156484.291369,1,-12
290818.849,4230390.641,39.474,12779,156484.291372,1,-12
290818.856,4230390.991,39.446,12779,156484.291374,1,-12
290818.864,4230391.384,39.399,10485,156484.291377,1,-12
290818.873,4230391.733,39.383,14499,156484.291380,1,-12
290818.880,4230392.097,39.346,13352,156484.291382,1,-12
290818.740,4230399.899,40.153,10813,156484.298053,1,-11
290818.749,4230400.293,40.116,14499,156484.298056,1,-11
290818.755,4230400.628,40.074,13107,156484.298059,1,-11
290818.763,4230400.990,40.031,11550,156484.298061,1,-11
290818.771,4230401.347,40.009,15400,156484.298064,1,-11
290818.779,4230401.729,39.971,13516,156484.298066,1,-11
290818.787,4230402.103,39.927,14335,156484.298069,1,-11
290818.794,4230402.472,39.883,13926,156484.298071,1,-11
290818.803,4230402.844,39.869,14827,156484.298074,1,-11
290818.812,4230403.208,39.846,15974,156484.298077,1,-11
290818.818,4230403.556,39.787,12533,156484.298079,1,-11
290818.826,4230403.915,39.765,14909,156484.298082,1,-11
290818.835,4230404.290,39.742,12533,156484.298084,1,-11
290818.844,4230404.686,39.715,15318,156484.298087,1,-11
290818.852,4230405.035,39.699,14090,156484.298090,1,-11
290818.484,4230390.071,39.795,14253,156484.297986,1,-12
290818.492,4230390.434,39.763,13107,156484.297989,1,-12
290818.500,4230390.785,39.732,14499,156484.297991,1,-12
290818.508,4230391.177,39.689,14663,156484.297994,1,-12
290818.517,4230391.557,39.665,10813,156484.297997,1,-12
290818.524,4230391.922,39.631,15154,156484.297999,1,-12
290818.383,4230399.756,40.435,12533,156484.304670,1,-12
290818.392,4230400.132,40.410,13352,156484.304673,1,-11
290818.400,4230400.518,40.359,15400,156484.304676,1,-11
290818.408,4230400.870,40.334,9584,156484.304678,1,-11
290818.416,4230401.262,40.283,15154,156484.304681,1,-11
290818.423,4230401.600,40.254,15728,156484.304683,1,-11
290818.431,4230401.967,40.210,14909,156484.304686,1,-11
290818.438,4230402.314,40.171,14909,156484.304688,1,-11
290818.447,4230402.700,40.149,15154,156484.304691,1,-11
290818.454,4230403.071,40.104,12779,156484.304694,1,-11
290818.462,4230403.440,40.064,14090,156484.304696,1,-11
290818.470,4230403.811,40.032,15154,156484.304699,1,-11
290818.478,4230404.170,40.004,17039,156484.304701,1,-11
290818.486,4230404.523,39.969,12205,156484.304704,1,-11
290818.495,4230404.887,39.961,16875,156484.304706,1,-11
290818.533,4230392.300,39.602,13762,156484.298002,1,-12
290818.541,4230392.667,39.571,15564,156484.298004,1,-12
290818.548,4230393.007,39.543,12779,156484.298007,1,-12
290818.557,4230393.382,39.520,14090,156484.298009,1,-12
290818.565,4230393.761,39.483,13762,156484.298012,1,-12
290818.573,4230394.146,39.450,14090,156484.298015,1,-12
290818.582,4230394.499,39.436,14499,156484.298017,1,-12
290818.606,4230394.985,39.800,14909,156484.298020,1,-12
290818.604,4230395.274,39.520,13352,156484.298022,1,-12
290818.606,4230395.608,39.343,15564,156484.298025,1,-12
290818.614,4230395.963,39.319,14090,156484.298027,1,-12
290818.622,4230396.352,39.284,12533,156484.298030,1,-12
290818.631,4230396.729,39.257,12779,156484.298033,1,-12
290818.639,4230397.096,39.230,12779,156484.298035,1,-12
290818.647,4230397.471,39.188,10485,156484.298038,1,-12
290818.136,4230390.309,40.046,12205,156484.304606,1,-12
290818.144,4230390.703,40.003,13352,156484.304608,1,-12
290818.151,4230391.049,39.955,15400,156484.304611,1,-12
290818.159,4230391.413,39.930,10485,156484.304613,1,-12
290818.167,4230391.763,39.907,9584,156484.304616,1,-12
290818.176,4230392.159,39.876,10485,156484.304619,1,-12
290818.184,4230392.535,39.840,11878,156484.304621,1,-12
290818.192,4230392.900,39.833,10977,156484.304624,1,-12
290818.200,4230393.280,39.785,12779,156484.304626,1,-12
290818.209,4230393.650,39.756,12779,156484.304629,1,-12
290818.215,4230393.985,39.713,13107,156484.304631,1,-12
290818.224,4230394.359,39.691,11550,156484.304634,1,-12
290818.233,4230394.744,39.688,14499,156484.304637,1,-12
290818.243,4230395.134,39.671,14663,156484.304639,1,-12
290818.282,4230396.940,39.499,15810,156484.304652,1,-12
290818.290,4230397.330,39.467,14253,156484.304655,1,-12
290818.298,4230397.701,39.434,16137,156484.304657,1,-12
290818.249,4230395.474,39.600,10977,156484.304642,1,-12
290818.258,4230395.876,39.575,14827,156484.304645,1,-12
290818.265,4230396.216,39.546,15810,156484.304647,1,-12
290818.274,4230396.585,39.529,13926,156484.304650,1,-12
290817.697,4230390.169,40.375,13762,156484.311222,1,-12
290817.705,4230390.557,40.333,12779,156484.311225,1,-12
290817.714,4230390.932,40.294,12533,156484.311228,1,-12
290817.722,4230391.300,40.265,14499,156484.311230,1,-12
290817.730,4230391.677,40.244,14335,156484.311233,1,-12
290817.738,4230392.043,40.211,13926,156484.311235,1,-12
290817.746,4230392.394,40.185,15154,156484.311238,1,-12
290817.754,4230392.757,40.153,11878,156484.311240,1,-12
290817.762,4230393.135,40.123,14090,156484.311243,1,-12
290817.771,4230393.530,40.091,14090,156484.311246,1,-12
290817.779,4230393.875,40.053,14090,156484.311248,1,-12
290817.788,4230394.273,40.032,14663,156484.311251,1,-12
290817.795,4230394.619,39.992,14090,156484.311254,1,-12
290817.803,4230394.982,39.968,14909,156484.311256,1,-12
290817.811,4230395.331,39.932,16137,156484.311259,1,-12
290817.819,4230395.726,39.904,13352,156484.311261,1,-12
290817.828,4230396.102,39.885,13762,156484.311264,1,-12
290817.836,4230396.467,39.840,13352,156484.311266,1,-12
290817.844,4230396.841,39.804,14663,156484.311269,1,-12
290817.852,4230397.206,39.782,9912,156484.311272,1,-12
290817.861,4230397.561,39.771,14827,156484.311274,1,-12
290817.869,4230397.925,39.748,14090,156484.311277,1,-12
290817.877,4230398.300,39.721,12779,156484.311279,1,-12
290817.886,4230398.694,39.683,13926,156484.311282,1,-12
290817.894,4230399.043,39.662,13516,156484.311285,1,-12
290817.948,4230399.674,40.794,12779,156484.311287,1,-12
290817.955,4230400.017,40.749,14253,156484.311290,1,-12
290817.963,4230400.380,40.718,15073,156484.311292,1,-11
290817.970,4230400.725,40.676,10485,156484.311295,1,-11
290817.979,4230401.116,40.638,13107,156484.311297,1,-11
290817.986,4230401.486,40.598,14090,156484.311300,1,-11
290817.994,4230401.853,40.565,10977,156484.311303,1,-11
290818.002,4230402.223,40.519,15073,156484.311305,1,-11
290818.010,4230402.581,40.478,14663,156484.311308,1,-11
290818.017,4230402.932,40.447,13516,156484.311310,1,-11
290818.025,4230403.294,40.414,15318,156484.311313,1,-11
290818.033,4230403.663,40.377,11550,156484.311316,1,-11
290818.042,4230404.059,40.342,14909,156484.311318,1,-11
290818.049,4230404.400,40.315,14253,156484.311321,1,-11
290818.058,4230404.794,40.294,13926,156484.311323,1,-11
290818.067,4230405.143,40.275,15073,156484.311326,1,-11
290817.266,4230390.048,40.707,12205,156484.317840,1,-12
290817.274,4230390.399,40.672,12533,156484.317842,1,-12
290817.282,4230390.757,40.637,14663,156484.317845,1,-12
290817.288,4230391.097,40.584,10157,156484.317847,1,-12
290817.297,4230391.501,40.558,14499,156484.317850,1,-12
290817.306,4230391.876,40.536,14253,156484.317853,1,-12
290817.314,4230392.238,40.508,12533,156484.317855,1,-12
290817.323,4230392.620,40.485,12779,156484.317858,1,-12
290817.331,4230392.986,40.459,13926,156484.317860,1,-12
290817.339,4230393.331,40.432,10977,156484.317863,1,-12
290817.347,4230393.701,40.405,10649,156484.317865,1,-12
290817.355,4230394.077,40.374,15073,156484.317868,1,-12
290817.363,4230394.465,40.320,10813,156484.317871,1,-12
290817.609,4230403.854,40.670,13107,156484.317935,1,-11
290817.618,4230404.222,40.649,15400,156484.317938,1,-11
290817.626,4230404.591,40.626,14827,156484.317940,1,-11
290817.636,4230404.986,40.621,14090,156484.317943,1,-11
290817.587,4230402.777,40.792,15728,156484.317927,1,-11
290817.595,4230403.154,40.759,15974,156484.317930,1,-11
290817.602,4230403.506,40.712,14827,156484.317933,1,-11
290816.985,4230392.826,40.725,15318,156484.324477,1,-12
290817.371,4230394.810,40.288,13352,156484.317873,1,-12
290817.380,4230395.207,40.257,14090,156484.317876,1,-12
290817.388,4230395.558,40.232,15154,156484.317878,1,-12
290817.396,4230395.918,40.208,13762,156484.317881,1,-12
290817.403,4230396.269,40.175,13107,156484.317883,1,-12
290817.413,4230396.669,40.156,12205,156484.317886,1,-12
290817.421,4230397.038,40.132,11878,156484.317889,1,-12
290817.430,4230397.405,40.117,10649,156484.317891,1,-12
290817.438,4230397.790,40.088,14253,156484.317894,1,-12
290817.446,4230398.146,40.055,15810,156484.317896,1,-12
290817.454,4230398.493,40.026,12205,156484.317899,1,-12
290817.462,4230398.863,39.986,10321,156484.317901,1,-12
290817.516,4230399.476,41.142,15810,156484.317904,1,-12
290817.524,4230399.859,41.084,13926,156484.317907,1,-12
290817.532,4230400.209,41.061,14663,156484.317909,1,-11
290817.540,4230400.599,41.012,14909,156484.317912,1,-11
290817.548,4230400.945,40.984,13762,156484.317915,1,-11
290817.555,4230401.301,40.947,14090,156484.317917,1,-11
290817.562,4230401.651,40.904,13762,156484.317920,1,-11
290817.571,4230402.042,40.868,13107,156484.317922,1,-11
290817.579,4230402.410,40.835,10649,156484.317925,1,-11
290816.919,4230389.854,40.987,13516,156484.324456,1,-12
290816.927,4230390.238,40.935,14090,156484.324459,1,-12
290816.935,4230390.594,40.903,12779,156484.324462,1,-12
290816.943,4230390.969,40.869,14909,156484.324464,1,-12
290816.951,4230391.344,40.834,14909,156484.324467,1,-12
290816.959,4230391.688,40.811,15564,156484.324469,1,-12
290816.967,4230392.051,40.784,13516,156484.324472,1,-12
290816.976,4230392.438,40.762,13762,156484.324474,1,-12
290816.992,4230393.168,40.686,13352,156484.324480,1,-12
290817.001,4230393.568,40.665,12779,156484.324482,1,-12
290817.009,4230393.916,40.631,13516,156484.324485,1,-12
290817.017,4230394.280,40.603,14090,156484.324487,1,-12
290817.024,4230394.625,40.556,10977,156484.324490,1,-12
290817.033,4230395.021,40.535,15073,156484.324493,1,-12
290817.042,4230395.398,40.508,13107,156484.324495,1,-12
290817.049,4230395.755,40.475,10649,156484.324498,1,-12
290817.058,4230396.133,40.448,14335,156484.324500,1,-12
290817.067,4230396.508,40.429,13516,156484.324503,1,-12
290817.074,4230396.845,40.399,13107,156484.324505,1,-12
290817.083,4230397.214,40.375,14335,156484.324508,1,-12
290817.091,4230397.598,40.345,13762,156484.324511,1,-12
290817.100,4230397.985,40.320,12533,156484.324513,1,-12
290817.108,4230398.333,40.295,15073,156484.324516,1,-12
290817.116,4230398.731,40.252,15564,156484.324519,1,-12
290817.178,4230399.677,41.384,13926,156484.324524,1,-12
290817.185,4230400.024,41.338,13352,156484.324526,1,-12
290817.194,4230400.414,41.302,9256,156484.324529,1,-11
290817.201,4230400.785,41.249,17039,156484.324531,1,-11
290817.209,4230401.148,41.213,13926,156484.324534,1,-11
290817.218,4230401.521,41.186,15400,156484.324537,1,-11
290817.225,4230401.885,41.146,14253,156484.324539,1,-11
290817.233,4230402.224,41.116,15974,156484.324542,1,-11
290817.240,4230402.586,41.060,13107,156484.324544,1,-11
290817.249,4230402.965,41.037,12533,156484.324547,1,-11
290817.257,4230403.346,40.994,15810,156484.324550,1,-11
290817.264,4230403.689,40.951,12779,156484.324552,1,-11
290817.273,4230404.090,40.919,16465,156484.324555,1,-11
290817.281,4230404.431,40.899,15728,156484.324557,1,-11
290817.289,4230404.790,40.862,14827,156484.324560,1,-11
290817.297,4230405.148,40.856,14335,156484.324562,1,-11
290817.163,4230405.151,36.883,16137,156484.324568,1,-11
290816.818,4230399.938,41.634,14335,156484.331143,1,-12
290816.825,4230400.279,41.607,11222,156484.331146,1,-11
290816.832,4230400.633,41.550,14090,156484.331148,1,-11
290816.840,4230400.987,41.513,14090,156484.331151,1,-11
290816.849,4230401.375,41.488,14499,156484.331153,1,-11
290816.856,4230401.742,41.443,14663,156484.331156,1,-11
290816.864,4230402.101,41.403,12533,156484.331159,1,-11
290816.872,4230402.482,41.375,14090,156484.331161,1,-11
290816.880,4230402.841,41.328,14090,156484.331164,1,-11
290816.887,4230403.181,41.297,15564,156484.331166,1,-11
290816.896,4230403.549,41.266,14253,156484.331169,1,-11
290816.903,4230403.923,41.215,15974,156484.331172,1,-11
290816.912,4230404.306,41.188,15974,156484.331174,1,-11
290816.558,4230390.098,41.249,15073,156484.331076,1,-12
290816.565,4230390.433,41.201,13107,156484.331078,1,-12
290816.573,4230390.832,41.159,14090,156484.331081,1,-12
290816.582,4230391.212,41.134,13352,156484.331084,1,-12
290816.590,4230391.570,41.112,15073,156484.331086,1,-12
290816.599,4230391.949,41.081,13107,156484.331089,1,-12
290816.607,4230392.319,41.042,15318,156484.331091,1,-12
290816.614,4230392.658,41.015,13107,156484.331094,1,-12
290816.623,4230393.026,40.992,15974,156484.331096,1,-12
290816.631,4230393.408,40.955,13516,156484.331099,1,-12
290816.640,4230393.797,40.925,14090,156484.331102,1,-12
290816.647,4230394.144,40.894,13107,156484.331104,1,-12
290816.656,4230394.532,40.858,11222,156484.331107,1,-12
290816.664,4230394.885,40.832,15318,156484.331110,1,-12
290816.672,4230395.248,40.800,15400,156484.331112,1,-12
290816.680,4230395.594,40.786,13926,156484.331115,1,-12
290816.688,4230395.990,40.739,14909,156484.331117,1,-12
290816.698,4230396.373,40.724,15400,156484.331120,1,-12
290816.705,4230396.727,40.693,14909,156484.331122,1,-12
290816.714,4230397.111,40.667,13107,156484.331125,1,-12
290816.722,4230397.476,40.623,14090,156484.331128,1,-12
290816.730,4230397.821,40.626,15073,156484.331130,1,-12
290816.738,4230398.189,40.585,15318,156484.331133,1,-12
290816.747,4230398.565,40.545,14253,156484.331135,1,-12
290816.755,4230398.951,40.518,15564,156484.331138,1,-12
290816.810,4230399.542,41.692,13762,156484.331141,1,-12
290816.919,4230404.655,41.149,11222,156484.331177,1,-11
290816.928,4230405.049,41.125,14663,156484.331179,1,-11
290816.128,4230390.009,41.570,9748,156484.337693,1,-12
290816.136,4230390.381,41.529,11878,156484.337696,1,-12
290816.144,4230390.750,41.504,16301,156484.337698,1,-12
290816.151,4230391.093,41.456,10977,156484.337701,1,-12
290816.160,4230391.458,41.445,13516,156484.337703,1,-12
290816.169,4230391.839,41.418,16629,156484.337706,1,-12
290816.177,4230392.228,41.381,11878,156484.337708,1,-12
290816.185,4230392.577,41.355,15154,156484.337711,1,-12
290816.194,4230392.972,41.315,14335,156484.337714,1,-12
290816.202,4230393.318,41.298,9256,156484.337716,1,-12
290816.209,4230393.681,41.256,14253,156484.337719,1,-12
290816.217,4230394.030,41.221,14499,156484.337721,1,-12
290816.226,4230394.423,41.197,13762,156484.337724,1,-12
290816.234,4230394.797,41.161,12205,156484.337727,1,-12
290816.242,4230395.161,41.122,13926,156484.337729,1,-12
290816.251,4230395.537,41.095,13926,156484.337732,1,-12
290816.259,4230395.906,41.080,12779,156484.337734,1,-12
290816.267,4230396.255,41.058,12205,156484.337737,1,-12
290816.275,4230396.615,41.011,10977,156484.337739,1,-12
290816.284,4230396.993,40.989,15318,156484.337742,1,-12
290816.293,4230397.387,40.968,14499,156484.337745,1,-12
290816.301,4230397.734,40.947,14663,156484.337747,1,-12
290816.310,4230398.130,40.919,11222,156484.337750,1,-12
290816.317,4230398.474,40.878,14253,156484.337752,1,-12
290816.324,4230398.833,40.835,14663,156484.337755,1,-12
290816.380,4230399.434,42.025,13352,156484.337757,1,-12
290816.388,4230399.818,41.982,13926,156484.337760,1,-12
290816.396,4230400.193,41.953,14335,156484.337763,1,-12
290816.403,4230400.551,41.878,12205,156484.337765,1,-11
290816.411,4230400.921,41.843,13926,156484.337768,1,-11
290816.419,4230401.284,41.815,14909,156484.337770,1,-11
290816.427,4230401.629,41.782,13516,156484.337773,1,-11
290816.434,4230401.989,41.744,10485,156484.337775,1,-11
290816.443,4230402.363,41.705,14253,156484.337778,1,-11
290816.451,4230402.752,41.662,14663,156484.337781,1,-11
290816.458,4230403.096,41.627,14909,156484.337783,1,-11
290816.467,4230403.487,41.587,14909,156484.337786,1,-11
290816.474,4230403.829,41.550,12779,156484.337789,1,-11
290816.482,4230404.191,41.520,15400,156484.337791,1,-11
290816.489,4230404.536,41.473,14090,156484.337794,1,-11
290816.499,4230404.928,41.456,14090,156484.337796,1,-11
290815.683,4230389.777,41.519,12533,156484.344310,1,-12
290815.694,4230390.182,41.548,15810,156484.344312,1,-12
290815.705,4230390.573,41.569,10321,156484.344315,1,-12
290815.716,4230390.958,41.611,12779,156484.344318,1,-12
290815.726,4230391.343,41.646,13926,156484.344320,1,-12
290815.737,4230391.720,41.667,12533,156484.344323,1,-12
290815.746,4230392.082,41.689,15073,156484.344325,1,-12
290815.755,4230392.445,41.678,13926,156484.344328,1,-12
290815.764,4230392.819,41.654,14335,156484.344330,1,-12
290815.773,4230393.221,41.620,12779,156484.344333,1,-12
290815.781,4230393.563,41.591,13516,156484.344336,1,-12
290815.789,4230393.952,41.546,11878,156484.344338,1,-12
290815.797,4230394.306,41.537,14335,156484.344341,1,-12
290815.805,4230394.669,41.497,13926,156484.344343,1,-12
290815.813,4230395.012,41.465,13516,156484.344346,1,-12
290815.822,4230395.409,41.435,14663,156484.344349,1,-12
290815.830,4230395.784,41.404,13926,156484.344351,1,-12
290815.838,4230396.148,41.381,12205,156484.344354,1,-12
290815.847,4230396.518,41.342,14663,156484.344356,1,-12
290815.855,4230396.889,41.322,13352,156484.344359,1,-12
290815.863,4230397.235,41.296,12779,156484.344361,1,-12
290815.871,4230397.598,41.271,11222,156484.344364,1,-12
290815.879,4230397.974,41.226,13516,156484.344367,1,-12
290815.889,4230398.373,41.207,16301,156484.344369,1,-12
290815.896,4230398.710,41.172,11878,156484.344372,1,-12
290815.930,4230399.235,41.787,6225,156484.344375,1,-12
290815.942,4230399.611,41.862,13516,156484.344377,1,-12
290815.952,4230399.980,41.899,13926,156484.344380,1,-12
290815.963,4230400.340,41.941,9584,156484.344382,1,-11
290815.974,4230400.751,41.974,15318,156484.344385,1,-11
290815.985,4230401.136,42.013,12205,156484.344387,1,-11
290815.996,4230401.508,42.048,15728,156484.344390,1,-11
290816.006,4230401.890,42.052,15073,156484.344393,1,-11
290816.014,4230402.256,42.025,15318,156484.344395,1,-11
290816.022,4230402.602,42.002,14335,156484.344398,1,-11
290816.029,4230402.959,41.955,15073,156484.344400,1,-11
290816.038,4230403.336,41.923,14090,156484.344403,1,-11
290816.046,4230403.724,41.884,12779,156484.344406,1,-11
290816.053,4230404.062,41.846,17284,156484.344408,1,-11
290816.062,4230404.459,41.814,15318,156484.344411,1,-11
290816.070,4230404.805,41.772,14253,156484.344413,1,-11
290815.613,4230401.245,41.752,14663,156484.351007,1,-11
290815.624,4230401.636,41.785,14827,156484.351009,1,-11
290815.635,4230402.039,41.816,14663,156484.351012,1,-11
290815.646,4230402.395,41.859,13762,156484.351015,1,-11
290815.657,4230402.806,41.898,15318,156484.351017,1,-11
290815.668,4230403.165,41.942,14253,156484.351020,1,-11
290815.678,4230403.538,41.968,15154,156484.351022,1,-11
290815.689,4230403.893,42.013,14335,156484.351025,1,-11
290815.700,4230404.299,42.035,14090,156484.351028,1,-11
290815.709,4230404.681,42.032,11878,156484.351030,1,-11
290815.718,4230405.037,42.031,14499,156484.351033,1,-11
290815.311,4230389.936,41.240,13352,156484.350929,1,-12
290815.321,4230390.301,41.265,10813,156484.350932,1,-12
290815.332,4230390.681,41.298,14827,156484.350934,1,-12
290815.343,4230391.067,41.338,14090,156484.350937,1,-12
290815.354,4230391.474,41.370,10485,156484.350940,1,-12
290815.364,4230391.840,41.386,15318,156484.350942,1,-12
290815.375,4230392.244,41.419,15564,156484.350945,1,-12
290815.385,4230392.602,41.457,10321,156484.350947,1,-12
290815.396,4230392.988,41.481,14090,156484.350950,1,-12
290815.406,4230393.345,41.522,14499,156484.350952,1,-12
290815.417,4230393.748,41.553,14335,156484.350955,1,-12
290815.429,4230394.143,41.592,13352,156484.350958,1,-12
290815.439,4230394.518,41.616,10649,156484.350960,1,-12
290815.450,4230394.908,41.666,15400,156484.350963,1,-12
290815.460,4230395.281,41.668,12533,156484.350966,1,-12
290815.469,4230395.636,41.675,14663,156484.350968,1,-12
290815.478,4230396.005,41.665,10813,156484.350971,1,-12
290815.487,4230396.381,41.638,13926,156484.350973,1,-12
290815.495,4230396.773,41.606,13926,156484.350976,1,-12
290815.503,4230397.121,41.572,9994,156484.350978,1,-12
290815.512,4230397.505,41.542,12533,156484.350981,1,-12
290815.519,4230397.854,41.512,13352,156484.350984,1,-12
290815.528,4230398.227,41.484,14090,156484.350986,1,-12
290815.535,4230398.562,41.449,10649,156484.350989,1,-12
290815.544,4230398.956,41.423,14335,156484.350991,1,-12
290815.560,4230399.376,41.576,15318,156484.350994,1,-12
290815.571,4230399.748,41.615,14663,156484.350997,1,-12
290815.582,4230400.137,41.658,13516,156484.350999,1,-12
290815.592,4230400.518,41.679,15073,156484.351002,1,-11
290815.603,4230400.873,41.728,10813,156484.351004,1,-11
290814.935,4230389.687,40.943,13762,156484.357546,1,-12
290814.945,4230390.068,40.963,12205,156484.357549,1,-12
290814.956,4230390.461,41.003,15974,156484.357552,1,-12
290814.966,4230390.831,41.019,12533,156484.357554,1,-12
290814.977,4230391.200,41.060,14090,156484.357557,1,-12
290814.987,4230391.581,41.080,14090,156484.357559,1,-12
290814.998,4230391.965,41.129,14499,156484.357562,1,-12
290815.010,4230392.380,41.167,14253,156484.357564,1,-12
290815.020,4230392.743,41.192,13762,156484.357567,1,-12
290815.031,4230393.143,41.229,14909,156484.357570,1,-12
290815.042,4230393.505,41.265,14909,156484.357572,1,-12
290815.052,4230393.889,41.283,13516,156484.357575,1,-12
290815.062,4230394.240,41.311,11878,156484.357577,1,-12
290815.074,4230394.651,41.360,10649,156484.357580,1,-12
290815.085,4230395.047,41.394,12533,156484.357583,1,-12
290815.095,4230395.419,41.424,11550,156484.357585,1,-12
290815.106,4230395.806,41.453,11222,156484.357588,1,-12
290815.117,4230396.182,41.483,11550,156484.357590,1,-12
290815.177,4230396.815,42.816,1802,156484.357593,1,-12
290815.168,4230397.084,42.341,6881,156484.357595,1,-12
290815.148,4230397.303,41.584,15318,156484.357598,1,-12
290815.160,4230397.716,41.614,15073,156484.357601,1,-12
290815.170,4230398.076,41.640,11222,156484.357603,1,-12
290815.182,4230398.476,41.689,13926,156484.357606,1,-12
290815.190,4230398.829,41.668,10977,156484.357608,1,-12
290815.199,4230399.202,41.662,15073,156484.357611,1,-12
290815.205,4230399.533,41.605,15154,156484.357613,1,-12
290815.206,4230399.882,41.358,14909,156484.357616,1,-12
290815.217,4230400.280,41.405,13516,156484.357619,1,-11
290815.227,4230400.645,41.422,14663,156484.357621,1,-11
290815.238,4230401.034,41.464,12205,156484.357624,1,-11
290815.249,4230401.415,41.479,11878,156484.357626,1,-11
290815.259,4230401.768,41.514,15400,156484.357629,1,-11
290815.269,4230402.140,41.547,14663,156484.357631,1,-11
290815.280,4230402.529,41.581,14335,156484.357634,1,-11
290815.292,4230402.937,41.626,13762,156484.357637,1,-11
290815.302,4230403.293,41.656,14663,156484.357639,1,-11
290815.313,4230403.694,41.694,10485,156484.357642,1,-11
290815.324,4230404.059,41.735,12533,156484.357645,1,-11
290815.334,4230404.431,41.767,15564,156484.357647,1,-11
290815.345,4230404.786,41.811,13762,156484.357650,1,-11
290814.586,4230393.300,40.910,12779,156484.364189,1,-12
290814.597,4230393.677,40.951,11550,156484.364192,1,-12
290814.607,4230394.066,40.978,13762,156484.364194,1,-12
290814.617,4230394.444,40.990,11550,156484.364197,1,-12
290814.628,4230394.804,41.040,15564,156484.364199,1,-12
290814.639,4230395.180,41.064,13107,156484.364202,1,-12
290814.650,4230395.573,41.103,14335,156484.364204,1,-12
290814.661,4230395.976,41.127,15154,156484.364207,1,-12
290814.670,4230396.332,41.147,12533,156484.364210,1,-12
290814.682,4230396.743,41.192,10157,156484.364212,1,-12
290814.693,4230397.103,41.225,13352,156484.364215,1,-12
290814.703,4230397.481,41.258,11222,156484.364217,1,-12
290814.713,4230397.838,41.286,13516,156484.364220,1,-12
290814.724,4230398.244,41.314,15073,156484.364223,1,-12
290814.488,4230389.831,40.626,9912,156484.364166,1,-12
290814.499,4230390.222,40.651,11878,156484.364168,1,-12
290814.511,4230390.628,40.683,10485,156484.364171,1,-12
290814.520,4230390.990,40.705,14090,156484.364173,1,-12
290814.532,4230391.398,40.735,13516,156484.364176,1,-12
290814.542,4230391.757,40.766,10977,156484.364179,1,-12
290814.553,4230392.141,40.804,15564,156484.364181,1,-12
290814.563,4230392.502,40.844,12779,156484.364184,1,-12
290814.575,4230392.906,40.873,10813,156484.364186,1,-12
290814.735,4230398.635,41.360,12779,156484.364225,1,-12
290814.746,4230399.009,41.387,13926,156484.364228,1,-12
290814.757,4230399.395,41.422,13762,156484.364230,1,-12
290814.751,4230399.684,41.016,15564,156484.364233,1,-12
290814.761,4230400.041,41.050,13516,156484.364235,1,-12
290814.771,4230400.415,41.069,14335,156484.364238,1,-11
290814.782,4230400.807,41.101,12533,156484.364241,1,-11
290814.793,4230401.207,41.139,13926,156484.364243,1,-11
290814.803,4230401.566,41.167,14909,156484.364246,1,-11
290814.815,4230401.969,41.196,13762,156484.364249,1,-11
290814.825,4230402.330,41.239,13107,156484.364251,1,-11
290814.835,4230402.704,41.267,13926,156484.364254,1,-11
290814.846,4230403.065,41.312,14253,156484.364256,1,-11
290814.858,4230403.469,41.349,13352,156484.364259,1,-11
290814.868,4230403.857,41.373,13762,156484.364261,1,-11
290814.879,4230404.229,41.409,14253,156484.364264,1,-11
290814.890,4230404.618,41.452,14253,156484.364267,1,-11
290814.901,4230404.996,41.494,15318,156484.364269,1,-11
290814.150,4230393.795,40.607,13762,156484.370811,1,-12
290814.161,4230394.184,40.640,8847,156484.370814,1,-12
290814.172,4230394.569,40.669,15154,156484.370816,1,-12
290814.183,4230394.953,40.694,13926,156484.370819,1,-12
290814.194,4230395.328,40.732,13926,156484.370821,1,-12
290814.204,4230395.691,40.762,15073,156484.370824,1,-12
290814.214,4230396.070,40.790,11222,156484.370826,1,-12
290814.225,4230396.455,40.824,12779,156484.370829,1,-12
290814.236,4230396.861,40.860,13107,156484.370832,1,-12
290814.246,4230397.223,40.877,11878,156484.370834,1,-12
290814.258,4230397.630,40.920,13762,156484.370837,1,-12
290814.268,4230397.985,40.952,11878,156484.370840,1,-12
290814.279,4230398.367,40.984,14499,156484.370842,1,-12
290814.290,4230398.730,41.038,14663,156484.370845,1,-12
290814.301,4230399.131,41.076,12205,156484.370847,1,-12
290814.299,4230399.453,40.746,12205,156484.370850,1,-12
290814.305,4230399.810,40.671,15728,156484.370852,1,-12
290814.315,4230400.188,40.690,14090,156484.370855,1,-11
290814.327,4230400.567,40.748,13762,156484.370858,1,-11
290814.337,4230400.931,40.765,14909,156484.370860,1,-11
290814.347,4230401.300,40.791,14827,156484.370863,1,-11
290814.358,4230401.686,40.822,14499,156484.370865,1,-11
290814.369,4230402.093,40.865,14090,156484.370868,1,-11
290814.380,4230402.455,40.906,13107,156484.370871,1,-11
290814.391,4230402.856,40.934,15318,156484.370873,1,-11
290814.402,4230403.218,40.984,13516,156484.370876,1,-11
290814.412,4230403.593,41.012,13352,156484.370878,1,-11
290814.423,4230403.951,41.048,13107,156484.370881,1,-11
290814.434,4230404.354,41.090,14253,156484.370883,1,-11
290814.446,4230404.748,41.136,10649,156484.370886,1,-11
290814.033,4230389.607,40.284,15564,156484.370783,1,-12
290814.044,4230389.981,40.302,9256,156484.370785,1,-12
290814.053,4230390.335,40.305,13926,156484.370788,1,-12
290814.064,4230390.722,40.355,13762,156484.370790,1,-12
290814.074,4230391.108,40.371,11878,156484.370793,1,-12
290814.086,4230391.515,40.403,11878,156484.370796,1,-12
290814.096,4230391.880,40.435,14663,156484.370798,1,-12
290814.108,4230392.292,40.474,13107,156484.370801,1,-12
290814.118,4230392.646,40.498,14827,156484.370803,1,-12
290814.129,4230393.029,40.536,11878,156484.370806,1,-12
290814.139,4230393.395,40.576,14090,156484.370808,1,-12
290813.687,4230390.115,40.031,12205,156484.377405,1,-12
290813.698,4230390.519,40.053,15564,156484.377407,1,-12
290813.709,4230390.886,40.096,11222,156484.377410,1,-12
290813.719,4230391.257,40.122,10977,156484.377412,1,-12
290813.729,4230391.622,40.145,13762,156484.377415,1,-12
290813.741,4230392.033,40.186,10813,156484.377418,1,-12
290813.752,4230392.421,40.238,12533,156484.377420,1,-12
290813.763,4230392.799,40.262,14499,156484.377423,1,-12
290813.774,4230393.200,40.296,13107,156484.377426,1,-12
290813.784,4230393.572,40.321,10157,156484.377428,1,-12
290813.795,4230393.929,40.355,14499,156484.377431,1,-12
290813.806,4230394.319,40.403,10321,156484.377433,1,-12
290813.816,4230394.702,40.421,14253,156484.377436,1,-12
290813.828,4230395.106,40.452,11878,156484.377438,1,-12
290813.678,4230389.758,40.027,13762,156484.377402,1,-12
290813.946,4230399.271,40.832,12533,156484.377467,1,-12
290813.939,4230399.558,40.384,15318,156484.377469,1,-12
290813.948,4230399.934,40.396,11550,156484.377472,1,-12
290813.961,4230400.342,40.447,14909,156484.377475,1,-11
290813.971,4230400.709,40.467,14909,156484.377477,1,-11
290813.982,4230401.108,40.508,14499,156484.377480,1,-11
290813.992,4230401.465,40.536,14335,156484.377482,1,-11
290814.003,4230401.850,40.566,12205,156484.377485,1,-11
290814.013,4230402.202,40.602,12779,156484.377487,1,-11
290814.025,4230402.608,40.648,15318,156484.377490,1,-11
290814.037,4230403.004,40.701,14090,156484.377493,1,-11
290814.047,4230403.375,40.727,14253,156484.377495,1,-11
290814.058,4230403.766,40.772,14663,156484.377498,1,-11
290814.068,4230404.140,40.794,13107,156484.377500,1,-11
290814.079,4230404.494,40.824,15154,156484.377503,1,-11
290814.090,4230404.873,40.874,12533,156484.377505,1,-11
290813.838,4230395.469,40.483,13762,156484.377441,1,-12
290813.849,4230395.876,40.513,12205,156484.377444,1,-12
290813.859,4230396.233,40.545,11878,156484.377446,1,-12
290813.870,4230396.611,40.563,14335,156484.377449,1,-12
290813.880,4230396.972,40.603,14827,156484.377451,1,-12
290813.891,4230397.378,40.625,13352,156484.377454,1,-12
290813.902,4230397.758,40.653,12779,156484.377457,1,-12
290813.913,4230398.146,40.706,15318,156484.377459,1,-12
290813.924,4230398.534,40.727,12205,156484.377462,1,-12
290813.936,4230398.911,40.794,9092,156484.377464,1,-12
290813.348,4230391.482,39.845,14335,156484.384032,1,-12
290813.358,4230391.850,39.874,10321,156484.384035,1,-12
290813.369,4230392.220,39.912,13926,156484.384037,1,-12
290813.379,4230392.586,39.941,12205,156484.384040,1,-12
290813.392,4230393.003,39.992,13926,156484.384042,1,-12
290813.403,4230393.384,40.034,12779,156484.384045,1,-12
290813.414,4230393.765,40.064,12533,156484.384048,1,-12
290813.424,4230394.159,40.074,12205,156484.384050,1,-12
290813.434,4230394.528,40.106,12779,156484.384053,1,-12
290813.445,4230394.893,40.149,16137,156484.384055,1,-12
290813.456,4230395.278,40.178,13926,156484.384058,1,-12
290813.467,4230395.662,40.211,10813,156484.384060,1,-12
290813.478,4230396.065,40.238,15564,156484.384063,1,-12
290813.488,4230396.429,40.278,11878,156484.384066,1,-12
290813.564,4230399.109,40.521,13107,156484.384084,1,-12
290813.558,4230399.410,40.101,14335,156484.384086,1,-12
290813.567,4230399.770,40.095,14827,156484.384089,1,-12
290813.577,4230400.134,40.126,15564,156484.384091,1,-11
290813.588,4230400.514,40.151,13762,156484.384094,1,-11
290813.598,4230400.893,40.181,13762,156484.384097,1,-11
290813.610,4230401.300,40.224,14090,156484.384099,1,-11
290813.621,4230401.668,40.260,13926,156484.384102,1,-11
290813.632,4230402.069,40.297,15810,156484.384105,1,-11
290813.642,4230402.424,40.334,13352,156484.384107,1,-11
290813.653,4230402.802,40.368,14827,156484.384110,1,-11
290813.664,4230403.164,40.409,13926,156484.384112,1,-11
290813.675,4230403.567,40.447,12779,156484.384115,1,-11
290813.686,4230403.952,40.478,14335,156484.384117,1,-11
290813.698,4230404.337,40.534,14499,156484.384120,1,-11
290813.709,4230404.723,40.568,15810,156484.384123,1,-11
290813.294,4230389.535,39.708,14909,156484.384019,1,-12
290813.304,4230389.911,39.717,9912,156484.384022,1,-12
290813.315,4230390.302,39.747,12533,156484.384024,1,-12
290813.327,4230390.715,39.787,15318,156484.384027,1,-12
290813.337,4230391.069,39.822,14090,156484.384029,1,-12
290813.499,4230396.834,40.299,13352,156484.384068,1,-12
290813.509,4230397.193,40.320,14663,156484.384071,1,-12
290813.520,4230397.564,40.352,14253,156484.384073,1,-12
290813.530,4230397.929,40.380,13352,156484.384076,1,-12
290813.542,4230398.344,40.430,13107,156484.384079,1,-12
290813.553,4230398.727,40.484,14663,156484.384081,1,-12
290813.130,4230399.266,40.231,13516,156484.390703,1,-12
290813.123,4230399.569,39.763,14909,156484.390706,1,-12
290813.133,4230399.927,39.776,13107,156484.390708,1,-11
290813.144,4230400.332,39.811,15318,156484.390711,1,-11
290813.154,4230400.689,39.840,15810,156484.390714,1,-11
290813.165,4230401.071,39.878,14090,156484.390716,1,-11
290813.175,4230401.433,39.915,12779,156484.390719,1,-11
290813.186,4230401.831,39.943,14909,156484.390721,1,-11
290813.198,4230402.226,39.999,15154,156484.390724,1,-11
290813.209,4230402.599,40.026,13762,156484.390727,1,-11
290813.221,4230402.992,40.086,14909,156484.390729,1,-11
290813.231,4230403.365,40.102,14499,156484.390732,1,-11
290813.241,4230403.722,40.132,14663,156484.390734,1,-11
290813.252,4230404.100,40.177,15154,156484.390737,1,-11
290813.263,4230404.490,40.224,14335,156484.390739,1,-11
290813.275,4230404.895,40.271,13762,156484.390742,1,-11
290812.402,4230389.474,39.035,10977,156484.397256,1,-12
290812.414,4230389.886,39.073,13107,156484.397258,1,-12
290812.861,4230389.729,39.411,13352,156484.390639,1,-12
290812.871,4230390.107,39.438,13516,156484.390641,1,-12
290812.880,4230390.465,39.445,9994,156484.390644,1,-12
290812.891,4230390.833,39.481,14090,156484.390646,1,-12
290812.902,4230391.243,39.506,13516,156484.390649,1,-12
290812.914,4230391.636,39.554,13516,156484.390652,1,-12
290812.925,4230392.016,39.589,12533,156484.390654,1,-12
290812.936,4230392.408,39.618,16301,156484.390657,1,-12
290812.946,4230392.788,39.652,14253,156484.390659,1,-12
290812.956,4230393.145,39.679,14499,156484.390662,1,-12
290812.967,4230393.526,39.708,13762,156484.390664,1,-12
290812.978,4230393.918,39.744,13352,156484.390667,1,-12
290812.990,4230394.324,39.782,13762,156484.390670,1,-12
290813.000,4230394.688,39.806,13107,156484.390672,1,-12
290813.012,4230395.095,39.853,17530,156484.390675,1,-12
290813.022,4230395.454,39.881,13352,156484.390677,1,-12
290813.033,4230395.839,39.907,15728,156484.390680,1,-12
290813.043,4230396.194,39.939,11878,156484.390682,1,-12
290813.054,4230396.599,39.968,14335,156484.390685,1,-12
290813.065,4230396.988,39.994,13926,156484.390688,1,-12
290813.075,4230397.363,40.016,13926,156484.390690,1,-12
290813.086,4230397.755,40.053,13352,156484.390693,1,-12
290813.097,4230398.130,40.089,15400,156484.390696,1,-12
290813.107,4230398.493,40.127,13107,156484.390698,1,-12
290813.119,4230398.875,40.181,12779,156484.390701,1,-12
290812.532,4230394.069,39.425,13762,156484.397287,1,-12
290812.543,4230394.449,39.463,12779,156484.397289,1,-12
290812.554,4230394.848,39.502,10813,156484.397292,1,-12
290812.565,4230395.246,39.518,15728,156484.397294,1,-12
290812.575,4230395.605,39.548,14909,156484.397297,1,-12
290812.587,4230396.018,39.595,13516,156484.397300,1,-12
290812.597,4230396.375,39.604,13516,156484.397302,1,-12
290812.608,4230396.751,39.640,14909,156484.397305,1,-12
290812.617,4230397.109,39.657,14335,156484.397307,1,-12
290812.629,4230397.520,39.700,10321,156484.397310,1,-12
290812.640,4230397.911,39.739,14090,156484.397313,1,-12
290812.651,4230398.281,39.762,14090,156484.397315,1,-12
290812.663,4230398.680,39.812,16301,156484.397318,1,-12
290812.674,4230399.064,39.859,12779,156484.397320,1,-12
290812.666,4230399.318,39.422,14499,156484.397323,1,-12
290812.675,4230399.695,39.419,14335,156484.397325,1,-12
290812.687,4230400.087,39.453,14827,156484.397328,1,-11
290812.698,4230400.487,39.487,13107,156484.397331,1,-11
290812.708,4230400.847,39.505,14909,156484.397333,1,-11
290812.720,4230401.261,39.562,12779,156484.397336,1,-11
290812.730,4230401.612,39.588,13926,156484.397338,1,-11
290812.740,4230401.985,39.615,13926,156484.397341,1,-11
290812.752,4230402.359,39.676,13352,156484.397343,1,-11
290812.763,4230402.758,39.700,13516,156484.397346,1,-11
290812.774,4230403.144,39.745,14663,156484.397349,1,-11
290812.785,4230403.523,39.785,14909,156484.397351,1,-11
290812.796,4230403.912,39.816,14827,156484.397354,1,-11
290812.807,4230404.287,39.848,16301,156484.397356,1,-11
290812.818,4230404.645,39.897,13107,156484.397359,1,-11
290812.423,4230390.243,39.091,12779,156484.397261,1,-12
290812.435,4230390.655,39.132,14827,156484.397263,1,-12
290812.445,4230391.016,39.150,14090,156484.397266,1,-12
290812.455,4230391.391,39.175,14499,156484.397268,1,-12
290812.467,4230391.758,39.225,9502,156484.397271,1,-12
290812.478,4230392.171,39.264,12533,156484.397274,1,-12
290812.489,4230392.565,39.296,15728,156484.397276,1,-12
290812.500,4230392.936,39.331,15400,156484.397279,1,-12
290812.511,4230393.334,39.370,12533,156484.397282,1,-12
290812.522,4230393.715,39.398,13516,156484.397284,1,-12
290812.214,4230395.771,39.298,13516,156484.403916,1,-12
290812.226,4230396.176,39.334,15400,156484.403919,1,-12
290812.236,4230396.532,39.359,15073,156484.403922,1,-12
290812.246,4230396.940,39.376,13516,156484.403924,1,-12
290812.257,4230397.303,39.421,14827,156484.403927,1,-12
290812.268,4230397.679,39.443,12533,156484.403929,1,-12
290812.278,4230398.041,39.483,12205,156484.403932,1,-12
290812.290,4230398.446,39.519,14090,156484.403935,1,-12
290812.301,4230398.839,39.563,15728,156484.403937,1,-12
290812.312,4230399.209,39.597,13762,156484.403940,1,-12
290812.304,4230399.498,39.128,11878,156484.403942,1,-12
290812.315,4230399.883,39.154,14253,156484.403945,1,-11
290812.325,4230400.235,39.189,13352,156484.403947,1,-11
290812.336,4230400.614,39.234,13352,156484.403950,1,-11
290812.347,4230401.012,39.264,14663,156484.403953,1,-11
290812.359,4230401.413,39.305,12533,156484.403955,1,-11
290812.369,4230401.768,39.333,14253,156484.403958,1,-11
290812.380,4230402.183,39.363,11878,156484.403960,1,-11
290812.391,4230402.539,39.413,16301,156484.403963,1,-11
290812.402,4230402.913,39.445,13352,156484.403966,1,-11
290812.412,4230403.276,39.480,14090,156484.403968,1,-11
290812.424,4230403.682,39.524,14663,156484.403971,1,-11
290812.435,4230404.074,39.571,14827,156484.403973,1,-11
290812.446,4230404.448,39.598,10813,156484.403976,1,-11
290812.457,4230404.838,39.643,16629,156484.403979,1,-11
290812.040,4230389.628,38.778,14663,156484.403875,1,-12
290812.051,4230390.009,38.826,13926,156484.403878,1,-12
290812.062,4230390.403,38.845,14090,156484.403880,1,-12
290812.074,4230390.815,38.893,12205,156484.403883,1,-12
290812.084,4230391.177,38.919,14909,156484.403885,1,-12
290812.095,4230391.579,38.947,10649,156484.403888,1,-12
290812.106,4230391.949,38.984,13516,156484.403891,1,-12
290812.116,4230392.327,39.001,12533,156484.403893,1,-12
290812.126,4230392.682,39.033,15073,156484.403896,1,-12
290812.138,4230393.091,39.069,12779,156484.403898,1,-12
290812.150,4230393.496,39.120,11222,156484.403901,1,-12
290812.161,4230393.868,39.150,13107,156484.403904,1,-12
290812.172,4230394.256,39.179,12779,156484.403906,1,-12
290812.182,4230394.642,39.206,10485,156484.403909,1,-12
290812.192,4230394.998,39.239,14090,156484.403911,1,-12
290812.203,4230395.374,39.267,12205,156484.403914,1,-12
290811.874,4230396.738,39.106,12533,156484.410541,1,-12
290811.884,4230397.122,39.136,13762,156484.410544,1,-12
290811.894,4230397.494,39.154,13107,156484.410546,1,-12
290811.906,4230397.884,39.196,12205,156484.410549,1,-12
290811.917,4230398.266,39.231,15073,156484.410551,1,-12
290811.927,4230398.626,39.261,14335,156484.410554,1,-12
290811.938,4230399.003,39.304,12533,156484.410556,1,-12
290811.931,4230399.295,38.837,12779,156484.410559,1,-12
290811.942,4230399.704,38.861,14090,156484.410562,1,-12
290811.952,4230400.055,38.891,13762,156484.410564,1,-11
290811.964,4230400.468,38.933,14827,156484.410567,1,-11
290811.974,4230400.832,38.967,13352,156484.410570,1,-11
290811.985,4230401.202,39.000,14827,156484.410572,1,-11
290811.995,4230401.567,39.039,14499,156484.410575,1,-11
290812.006,4230401.974,39.065,14827,156484.410577,1,-11
290812.018,4230402.358,39.119,7045,156484.410580,1,-11
290812.028,4230402.731,39.139,14663,156484.410582,1,-11
290812.041,4230403.135,39.210,12779,156484.410585,1,-11
290812.051,4230403.505,39.230,14499,156484.410588,1,-11
290812.061,4230403.862,39.269,12533,156484.410590,1,-11
290812.072,4230404.236,39.290,14335,156484.410593,1,-11
290812.083,4230404.629,39.344,12533,156484.410595,1,-11
290811.729,4230391.745,38.606,16465,156484.410508,1,-12
290811.741,4230392.129,38.653,16301,156484.410510,1,-12
290811.754,4230392.527,38.739,13352,156484.410513,1,-12
290811.765,4230392.913,38.778,12533,156484.410515,1,-12
290811.776,4230393.281,38.816,13352,156484.410518,1,-12
290811.786,4230393.650,38.840,12779,156484.410520,1,-12
290811.797,4230394.046,38.870,11550,156484.410523,1,-12
290811.809,4230394.459,38.908,15974,156484.410526,1,-12
290811.819,4230394.815,38.954,12779,156484.410528,1,-12
290811.831,4230395.223,38.991,10977,156484.410531,1,-12
290811.841,4230395.591,39.012,13762,156484.410533,1,-12
290811.852,4230395.963,39.055,15073,156484.410536,1,-12
290811.862,4230396.320,39.064,11222,156484.410538,1,-12
290811.493,4230398.866,38.959,15728,156484.417174,1,-12
290811.497,4230399.213,38.833,13107,156484.417176,1,-12
290811.501,4230399.533,38.677,15318,156484.417179,1,-12
290811.511,4230399.909,38.702,15400,156484.417181,1,-11
290811.521,4230400.294,38.697,13352,156484.417184,1,-11
290811.532,4230400.695,38.717,12205,156484.417187,1,-11
290811.541,4230401.050,38.734,13926,156484.417189,1,-11
290811.552,4230401.455,38.739,14909,156484.417192,1,-11
290811.562,4230401.806,38.753,13926,156484.417194,1,-11
290811.572,4230402.182,38.776,13762,156484.417197,1,-11
290811.582,4230402.545,38.807,13352,156484.417199,1,-11
290811.593,4230402.947,38.840,14335,156484.417202,1,-11
290811.605,4230403.335,38.878,12205,156484.417205,1,-11
290811.616,4230403.715,38.920,14090,156484.417207,1,-11
290811.627,4230404.101,38.946,13762,156484.417210,1,-11
290811.638,4230404.481,39.000,14090,156484.417212,1,-11
